1413808246953,-0.43585113,6.074675,7.668256,null
1413808247122,-0.43585113,6.115536,7.7227373,null
1413808247269,-0.42223078,5.965712,7.8998017,null
1413808247425,-0.46309182,5.992953,7.8180795,null
1413808247596,-0.21792556,5.802268,8.19945,null
1413808247751,-0.313268,5.911231,8.049625,null
1413808247919,-0.19068487,5.829509,8.798744,null
1413808248237,-0.19068487,6.0201936,7.709117,null
1413808248274,-0.47671217,6.0201936,7.84532,null
1413808248863,-0.9670447,6.238119,7.681876,null
1413808248864,-0.8580819,6.183638,7.709117,null
1413808248971,-0.7763598,6.183638,7.668256,null
1413808249038,-0.8308412,6.183638,7.763598,null
1413808249084,-0.8580819,6.101916,7.804459,null
1413808249205,-0.84446156,6.1563973,7.641015,null
1413808249382,-0.8036005,6.0882955,7.804459,null
1413808249554,-0.8580819,6.074675,7.8317,null
1413808249722,-0.9670447,6.0882955,7.981524,null
1413808249891,-0.980665,6.0610547,7.872561,null
1413808250045,-1.8659877,6.619489,7.763598,null
1413808250252,-1.3484144,6.4015636,7.096201,null
1413808250360,-1.4301366,6.4151835,7.3549876,null
1413808250516,-1.7978859,6.5650077,7.4230895,null
1413808250671,-1.9340894,6.2517395,7.1234417,null
1413808250838,-2.4244218,6.5650077,7.1506824,null
1413808251004,-2.669588,6.7148314,7.096201,null
1413808251169,-2.5742457,6.4151835,7.7363577,null
1413808251308,-1.8932283,6.2108784,7.7772183,null
1413808251469,0.040861044,5.039529,8.21307,null
1413808251630,0.313268,5.0803895,8.471856,null
1413808251793,-0.040861044,5.202973,8.499097,null
1413808251957,-0.12258313,5.3936577,8.798744,null
1413808252175,0.095342435,5.3119354,8.172209,null
1413808252269,-0.3405087,5.5026207,8.553578,null
1413808252438,-0.05448139,5.2574544,8.158588,null
1413808252603,-1.2666923,5.611583,8.553578,null
1413808252768,-1.334794,5.5571017,8.185829,null
1413808252928,-1.0896279,5.5026207,8.322033,null
1413808253093,-1.5799603,5.761407,7.981524,null
1413808253257,-0.92618364,5.1076303,8.553578,null
1413808253407,-1.0079057,5.284695,8.049625,null
1413808253563,-1.1032481,5.366417,8.349273,null
1413808253728,-1.3892754,5.706926,8.294792,null
1413808253899,-1.4437568,5.638824,8.294792,null
1413808254062,-1.6480621,5.6252036,8.253931,null
1413808254232,-2.0566726,5.843129,8.253931,null
1413808254395,-0.667397,5.284695,7.600154,null
1413808254555,-1.0760075,5.1893525,9.357179,null
1413808254716,-1.1985906,5.066769,8.430995,null
1413808254915,-1.1849703,5.053149,8.3765135,null
1413808255081,-1.4709976,5.2302136,8.349273,null
1413808255259,-1.5527196,5.3119354,7.913422,null
1413808255415,-1.2258313,5.284695,8.539958,null
1413808255577,-2.0566726,5.407278,8.5944395,null
1413808255763,-1.8115063,5.6524444,8.090487,null
1413808255906,-0.7354988,4.8760843,9.030291,null
1413808256064,-1.0896279,4.9169455,8.117727,null
1413808256228,-1.3892754,5.0803895,8.240311,null
1413808256390,-2.083913,5.09401,8.798744,null
1413808256551,-1.334794,4.8352237,8.676162,null
1413808256765,-1.3484144,5.1076303,9.479762,null
1413808256880,-0.35412905,4.5900574,8.19945,null
1413808257046,-0.7627395,4.9578066,9.289077,null
1413808257205,0.12258313,4.944186,8.19945,null
1413808257378,-1.6616824,5.4617596,8.308413,null
1413808257528,-1.5799603,5.1893525,8.744264,null
1413808257678,-1.1849703,3.8545585,9.479762,null
1413808257847,0.54481393,2.506144,8.417375,null
1413808258024,0.40861043,2.0294318,10.283362,null
1413808258173,1.4165162,1.7570249,10.637491,null
1413808258382,-2.6559677,1.7978859,9.384419,null
1413808258504,-3.173541,-0.21792556,8.676162,null
1413808258660,-4.0588636,-0.9125633,10.337844,null
1413808258833,-2.3290794,-1.3211738,9.438901,null
1413808258986,-2.0294318,-0.6946377,9.956474,null
1413808259160,0.05448139,-0.32688835,10.310603,null
1413808259309,0.29964766,-0.2860273,10.147159,null
1413808259461,0.35412905,-0.2860273,10.174399,null
1413808259619,0.3949901,-0.29964766,10.160779,null
1413808259767,0.313268,-0.2860273,10.160779,null
1413808259938,0.2860273,-0.2860273,10.174399,null
1413808260092,0.3677494,-0.24516626,10.20164,null
1413808260258,0.32688835,-0.2860273,10.160779,null
1413808260408,0.3405087,-0.25878662,10.147159,null
1413808260580,0.2860273,-0.27240697,10.256122,null
1413808260741,0.3949901,-0.29964766,10.2152605,null
1413808260891,0.313268,-0.27240697,10.160779,null
1413808261059,0.38136974,-0.38136974,10.228881,null
1413808261251,0.3949901,-0.2860273,10.160779,null
1413808261411,0.3949901,-0.24516626,10.160779,null
1413808261578,0.38136974,-0.313268,10.18802,null
1413808261730,0.40861043,-0.2860273,10.160779,null
1413808261901,0.3677494,-0.313268,10.256122,null
1413808262060,0.35412905,-0.2860273,10.174399,null
1413808262211,0.40861043,-0.32688835,10.147159,null
1413808262380,0.3677494,-0.25878662,10.160779,null
1413808262531,0.40861043,-0.24516626,10.119919,null
1413808262688,0.38136974,-0.24516626,10.20164,null
1413808262855,0.38136974,-0.2860273,10.160779,null
1413808263005,0.3949901,-0.313268,10.133538,null
1413808263157,0.38136974,-0.2860273,10.18802,null
1413808263315,0.3677494,-0.2860273,10.18802,null
1413808263467,0.3405087,-0.32688835,10.119919,null
1413808263621,0.3677494,-0.2860273,10.092678,null
1413808263773,0.38136974,-0.313268,10.147159,null
1413808263946,0.38136974,-0.29964766,10.20164,null
1413808264101,0.3949901,-0.21792556,10.20164,null
1413808264257,0.23154591,-0.313268,10.351464,null
1413808264415,0.35412905,-0.313268,10.147159,null
1413808264570,0.3949901,-0.35412905,10.283362,null
1413808264729,0.3405087,-0.32688835,10.038197,null
1413808264879,0.44947147,-0.32688835,10.133538,null
1413808265045,0.44947147,-0.29964766,10.256122,null
1413808265197,0.3949901,-0.29964766,10.160779,null
1413808265349,0.35412905,-0.3405087,10.20164,null
1413808265508,0.32688835,-0.313268,10.18802,null
1413808265670,0.35412905,-0.32688835,10.18802,null
1413808265834,0.35412905,-0.313268,10.228881,null
1413808266003,0.40861043,-0.313268,10.160779,null
1413808266170,0.40861043,-0.35412905,10.2152605,null
1413808266321,0.38136974,-0.29964766,10.160779,null
1413808266474,0.3405087,-0.29964766,10.160779,null
1413808266629,0.35412905,-0.27240697,10.18802,null
1413808266786,0.3949901,-0.2860273,10.174399,null
1413808266959,0.32688835,-0.313268,10.174399,null
1413808267126,0.43585113,-0.32688835,10.160779,null
1413808267280,0.38136974,-0.313268,10.147159,null
1413808267430,0.3677494,-0.27240697,10.18802,null
1413808267598,0.38136974,-0.24516626,10.242501,null
1413808267749,0.3949901,-0.2860273,10.174399,null
1413808267900,0.38136974,-0.24516626,10.18802,null
1413808268067,0.40861043,-0.313268,10.310603,null
1413808268219,0.35412905,-0.32688835,10.20164,null
1413808268386,0.3405087,-0.2860273,10.160779,null
1413808268550,0.35412905,-0.25878662,10.160779,null
1413808268704,0.38136974,-0.3405087,10.174399,null
1413808268859,0.35412905,-0.313268,10.18802,null
1413808269032,0.44947147,-0.32688835,10.18802,null
1413808269201,0.3677494,-0.2860273,10.18802,null
1413808269355,0.3949901,-0.32688835,10.147159,null
1413808269510,0.35412905,-0.27240697,10.133538,null
1413808269699,0.43585113,-0.24516626,10.160779,null
1413808269862,0.35412905,-0.313268,10.2152605,null
1413808270013,0.38136974,-0.32688835,10.20164,null
1413808270170,0.42223078,-0.313268,10.160779,null
1413808270321,0.40861043,-0.29964766,10.2152605,null
1413808270480,0.3677494,-0.2860273,10.242501,null
1413808270649,0.40861043,-0.27240697,10.160779,null
1413808270805,0.35412905,-0.27240697,10.18802,null
1413808270968,0.3677494,-0.313268,10.147159,null
1413808271124,0.40861043,-0.29964766,10.160779,null
1413808271280,0.38136974,-0.25878662,10.2152605,null
1413808271431,0.38136974,-0.29964766,10.18802,null
1413808271582,0.3677494,-0.2860273,10.119919,null
1413808271735,0.38136974,-0.2860273,10.174399,null
1413808271890,0.35412905,-0.29964766,10.20164,null
1413808272057,0.38136974,-0.24516626,10.18802,null
1413808272208,0.43585113,-0.2860273,10.18802,null
1413808272362,0.38136974,-0.27240697,10.147159,null
1413808272512,0.3949901,-0.23154591,10.2152605,null
1413808272665,0.38136974,-0.2860273,10.2152605,null
1413808272834,0.3949901,-0.2860273,10.18802,null
1413808272983,0.38136974,-0.313268,10.18802,null
1413808273137,0.3949901,-0.2860273,10.106298,null
1413808273287,0.40861043,-0.24516626,10.147159,null
1413808273438,0.32688835,-0.313268,10.20164,null
1413808273591,0.35412905,-0.313268,10.18802,null
1413808273744,0.32688835,-0.21792556,10.2152605,null
1413808273907,0.32688835,-0.2860273,10.160779,null
1413808274057,0.35412905,-0.24516626,10.18802,null
1413808274210,0.3677494,-0.2860273,10.119919,null
1413808274369,0.35412905,-0.2860273,10.119919,null
1413808274536,0.3677494,-0.313268,10.174399,null
1413808274690,0.38136974,-0.2860273,10.20164,null
1413808274860,0.38136974,-0.29964766,10.160779,null
1413808275012,0.38136974,-0.27240697,10.2152605,null
1413808275169,0.42223078,-0.21792556,10.024576,null
1413808275329,0.38136974,-0.25878662,10.174399,null
1413808275495,0.40861043,-0.313268,10.18802,null
1413808275649,0.40861043,-0.313268,10.147159,null
1413808275799,0.40861043,-0.32688835,10.2152605,null
1413808275964,0.3677494,-0.21792556,10.2152605,null
1413808276115,0.35412905,-0.2860273,10.147159,null
1413808276268,0.47671217,-0.25878662,10.20164,null
1413808276424,0.38136974,-0.2860273,10.160779,null
1413808276575,0.35412905,-0.2860273,10.20164,null
1413808276725,0.35412905,-0.2860273,10.147159,null
1413808276894,0.32688835,-0.313268,10.18802,null
1413808277051,0.38136974,-0.313268,10.174399,null
1413808277210,0.3949901,-0.24516626,10.2152605,null
1413808277377,0.38136974,-0.2860273,10.174399,null
1413808277528,0.40861043,-0.2860273,10.20164,null
1413808277681,0.40861043,-0.27240697,10.174399,null
1413808277840,0.3677494,-0.29964766,10.18802,null
1413808278006,0.3405087,-0.29964766,10.18802,null
1413808278174,0.3677494,-0.2860273,10.18802,null
1413808278328,0.313268,-0.27240697,10.18802,null
1413808278481,0.38136974,-0.3405087,10.174399,null
1413808278640,0.3405087,-0.2860273,10.160779,null
1413808278802,0.38136974,-0.27240697,10.228881,null
1413808278964,0.35412905,-0.2860273,10.2152605,null
1413808279126,0.3677494,-0.27240697,10.20164,null
1413808279278,0.43585113,-0.29964766,10.147159,null
1413808279440,0.40861043,-0.2860273,10.174399,null
1413808279608,0.3677494,-0.2860273,10.147159,null
1413808279764,0.42223078,-0.29964766,10.18802,null
1413808279927,0.3677494,-0.25878662,10.228881,null
1413808280078,0.40861043,-0.32688835,10.18802,null
1413808280229,0.3677494,-0.313268,10.160779,null
1413808280381,0.313268,-0.2860273,10.147159,null
1413808280547,0.313268,-0.313268,10.174399,null
1413808280701,0.35412905,-0.29964766,10.174399,null
1413808280875,0.42223078,-0.313268,10.18802,null
1413808281023,0.29964766,-0.27240697,10.160779,null
1413808281174,0.40861043,-0.2860273,10.174399,null
1413808281328,0.38136974,-0.25878662,10.18802,null
1413808281480,0.38136974,-0.32688835,10.2152605,null
1413808281649,0.24516626,-0.2860273,10.051817,null
1413808281819,0.40861043,-0.2860273,10.256122,null
1413808281981,0.313268,-0.29964766,10.18802,null
1413808282130,0.35412905,-0.3405087,10.119919,null
1413808282286,0.313268,-0.2860273,10.051817,null
1413808282438,0.40861043,-0.35412905,10.160779,null
1413808282593,0.3949901,-0.29964766,10.18802,null
1413808282750,0.3949901,-0.29964766,10.296983,null
1413808282918,0.35412905,-0.2860273,10.310603,null
1413808283070,0.29964766,-0.20430522,9.956474,null
1413808283241,0.46309182,-0.2860273,10.106298,null
1413808283410,0.40861043,-0.27240697,10.18802,null
1413808283578,0.44947147,-0.20430522,10.174399,null
1413808283730,0.43585113,-0.32688835,10.460427,null
1413808283889,0.313268,-0.313268,10.174399,null
1413808284055,0.3949901,-0.313268,10.092678,null
1413808284208,0.40861043,-0.313268,10.119919,null
1413808284361,0.313268,-0.3405087,10.18802,null
1413808284533,0.44947147,-0.24516626,10.256122,null
1413808284686,0.3949901,-0.2860273,10.160779,null
1413808284839,0.47671217,-0.35412905,10.2152605,null
1413808285008,0.38136974,-0.24516626,10.228881,null
1413808285162,0.3677494,-0.20430522,10.256122,null
1413808285319,0.35412905,-0.25878662,10.18802,null
1413808285471,0.42223078,-0.313268,10.242501,null
1413808285626,0.38136974,-0.2860273,10.160779,null
1413808285778,0.2860273,-0.25878662,10.2152605,null
1413808285930,0.40861043,-0.35412905,10.18802,null
1413808286102,0.42223078,-0.27240697,10.18802,null
1413808286255,0.3949901,-0.2860273,10.174399,null
1413808286408,0.35412905,-0.2860273,10.160779,null
1413808286560,0.40861043,-0.35412905,10.174399,null
1413808286725,0.3677494,-0.27240697,10.2152605,null
1413808286882,0.3949901,-0.27240697,10.18802,null
1413808287051,0.40861043,-0.32688835,10.106298,null
1413808287211,0.3677494,-0.27240697,10.18802,null
1413808287364,0.3677494,-0.313268,10.147159,null
1413808287516,0.3405087,-0.27240697,10.119919,null
1413808287669,0.35412905,-0.313268,10.160779,null
1413808287824,0.38136974,-0.2860273,10.18802,null
1413808287992,0.35412905,-0.2860273,10.174399,null
1413808288145,0.38136974,-0.2860273,10.174399,null
1413808288298,0.38136974,-0.2860273,10.160779,null
1413808288454,0.40861043,-0.24516626,10.147159,null
1413808288606,0.3677494,-0.24516626,10.18802,null
1413808288757,0.40861043,-0.25878662,10.18802,null
1413808288910,0.40861043,-0.2860273,10.174399,null
1413808289078,0.38136974,-0.313268,10.18802,null
1413808289228,0.38136974,-0.2860273,10.2152605,null
1413808289381,0.35412905,-0.2860273,10.18802,null
1413808289552,0.3677494,-0.2860273,10.18802,null
1413808289721,0.35412905,-0.2860273,10.160779,null
1413808289874,0.38136974,-0.24516626,10.18802,null
1413808290038,0.3677494,-0.2860273,10.18802,null
1413808290198,0.43585113,-0.313268,10.174399,null
1413808290349,0.32688835,-0.2860273,10.174399,null
1413808290506,0.40861043,-0.2860273,10.18802,null
1413808290657,0.3949901,-0.35412905,10.18802,null
1413808290807,0.3949901,-0.29964766,10.119919,null
1413808290962,0.3405087,-0.29964766,10.133538,null
1413808291134,0.3677494,-0.25878662,10.106298,null
1413808291289,0.38136974,-0.29964766,10.18802,null
1413808291440,0.35412905,-0.3405087,10.160779,null
1413808291593,0.40861043,-0.313268,10.119919,null
1413808291762,0.38136974,-0.2860273,10.160779,null
1413808291914,0.40861043,-0.2860273,10.18802,null
1413808292065,0.38136974,-0.2860273,10.174399,null
1413808292231,0.35412905,-0.313268,10.174399,null
1413808292404,0.3405087,-0.27240697,10.147159,null
1413808292571,0.3949901,-0.29964766,10.147159,null
1413808292725,0.40861043,-0.2860273,10.18802,null
1413808292879,0.43585113,-0.2860273,10.2152605,null
1413808293046,0.43585113,-0.25878662,10.133538,null
1413808293213,0.35412905,-0.29964766,10.106298,null
1413808293369,0.40861043,-0.29964766,10.160779,null
1413808293520,0.3949901,-0.2860273,10.18802,null
1413808293680,0.38136974,-0.2860273,10.160779,null
1413808293852,0.44947147,-0.27240697,10.20164,null
1413808294004,0.42223078,-0.29964766,10.160779,null
1413808294160,0.35412905,-0.2860273,10.228881,null
1413808294320,0.35412905,-0.24516626,10.228881,null
1413808294474,0.38136974,-0.2860273,10.20164,null
1413808294629,0.38136974,-0.25878662,10.20164,null
1413808294788,0.313268,-0.2860273,10.160779,null
1413808294942,0.43585113,-0.2860273,10.160779,null
1413808295095,0.35412905,-0.27240697,10.160779,null
1413808295249,0.3677494,-0.2860273,10.174399,null
1413808295418,0.40861043,-0.2860273,10.147159,null
1413808295571,0.3677494,-0.32688835,10.160779,null
1413808295725,0.40861043,-0.25878662,10.18802,null
1413808295879,0.38136974,-0.313268,10.18802,null
1413808296045,0.313268,-0.313268,10.147159,null
1413808296200,0.38136974,-0.2860273,10.160779,null
1413808296351,0.38136974,-0.2860273,10.174399,null
1413808296511,0.40861043,-0.29964766,10.20164,null
1413808296685,0.32688835,-0.2860273,10.119919,null
1413808296854,0.40861043,-0.25878662,10.174399,null
1413808297023,0.40861043,-0.25878662,10.147159,null
1413808297190,0.35412905,-0.29964766,10.119919,null
1413808297343,0.35412905,-0.313268,10.18802,null
1413808297497,0.38136974,-0.2860273,10.147159,null
1413808297647,0.44947147,-0.29964766,10.174399,null
1413808297798,0.3949901,-0.27240697,10.18802,null
1413808297949,0.35412905,-0.313268,10.2152605,null
1413808298118,0.38136974,-0.29964766,10.174399,null
1413808298268,0.35412905,-0.313268,10.160779,null
1413808298436,0.40861043,-0.29964766,10.119919,null
1413808298598,0.38136974,-0.2860273,10.160779,null
1413808298750,0.35412905,-0.29964766,10.133538,null
1413808298905,0.3677494,-0.32688835,10.18802,null
1413808299067,0.38136974,-0.2860273,10.160779,null
1413808299218,0.3949901,-0.27240697,10.20164,null
1413808299378,0.38136974,-0.25878662,10.2152605,null
1413808299548,0.3949901,-0.313268,10.119919,null
1413808299702,0.40861043,-0.313268,10.20164,null
1413808299853,0.3949901,-0.313268,10.174399,null
1413808300006,0.32688835,-0.313268,10.038197,null
1413808300170,0.3949901,-0.313268,10.133538,null
1413808300333,0.3949901,-0.24516626,10.18802,null
1413808300490,0.38136974,-0.27240697,10.160779,null
1413808300638,0.3677494,-0.24516626,10.18802,null
1413808300789,0.3405087,-0.25878662,10.147159,null
1413808300941,0.40861043,-0.2860273,10.160779,null
1413808301095,0.3949901,-0.2860273,10.160779,null
1413808301250,0.40861043,-0.2860273,10.256122,null
1413808301405,0.3949901,-0.2860273,10.160779,null
1413808301556,0.38136974,-0.29964766,10.18802,null
1413808301709,0.3405087,-0.25878662,10.174399,null
1413808301860,0.44947147,-0.2860273,10.133538,null
1413808302018,0.38136974,-0.313268,10.20164,null
1413808302187,0.40861043,-0.32688835,10.18802,null
1413808302338,0.38136974,-0.29964766,10.18802,null
1413808302491,0.40861043,-0.29964766,10.160779,null
1413808302646,0.38136974,-0.2860273,10.174399,null
1413808302799,0.40861043,-0.29964766,10.174399,null
1413808302950,0.40861043,-0.2860273,10.18802,null
1413808303121,0.38136974,-0.313268,10.160779,null
1413808303278,0.3677494,-0.24516626,10.20164,null
1413808303436,0.44947147,-0.29964766,10.160779,null
1413808303606,0.35412905,-0.313268,10.18802,null
1413808303759,0.42223078,-0.313268,10.18802,null
1413808303910,0.3405087,-0.24516626,10.133538,null
1413808304068,0.42223078,-0.313268,10.160779,null
1413808304223,0.3949901,-0.2860273,10.18802,null
1413808304378,0.43585113,-0.313268,10.133538,null
1413808304531,0.38136974,-0.313268,10.174399,null
1413808304683,0.38136974,-0.313268,10.20164,null
1413808304835,0.38136974,-0.27240697,10.18802,null
1413808304989,0.3949901,-0.35412905,10.174399,null
1413808305160,0.2860273,-0.313268,10.079058,null
1413808305333,0.40861043,-0.27240697,10.174399,null
1413808305484,0.35412905,-0.24516626,10.133538,null
1413808305640,0.313268,-0.313268,10.160779,null
1413808305811,0.38136974,-0.2860273,10.160779,null
1413808305969,0.38136974,-0.29964766,10.160779,null
1413808306118,0.38136974,-0.27240697,10.106298,null
1413808306287,0.313268,-0.24516626,10.147159,null
1413808306440,0.3949901,-0.313268,10.160779,null
1413808306596,0.35412905,-0.29964766,10.106298,null
1413808306746,0.3949901,-0.2860273,10.160779,null
1413808306900,0.40861043,-0.2860273,10.119919,null
1413808307069,0.40861043,-0.2860273,10.2152605,null
1413808307238,0.44947147,-0.27240697,10.18802,null
1413808307390,0.38136974,-0.27240697,10.160779,null
1413808307543,0.40861043,-0.313268,10.20164,null
1413808307696,0.38136974,-0.2860273,10.147159,null
1413808307849,0.40861043,-0.27240697,10.133538,null
1413808308000,0.32688835,-0.29964766,10.147159,null
1413808308162,0.38136974,-0.29964766,10.174399,null
1413808308314,0.40861043,-0.2860273,10.119919,null
1413808308467,0.3949901,-0.313268,10.119919,null
1413808308623,0.38136974,-0.29964766,10.160779,null
1413808308776,0.35412905,-0.313268,10.20164,null
1413808308946,0.40861043,-0.25878662,10.174399,null
1413808309112,0.3677494,-0.25878662,10.18802,null
1413808309283,0.38136974,-0.27240697,10.20164,null
1413808309436,0.38136974,-0.24516626,10.147159,null
1413808309602,0.42223078,-0.313268,10.160779,null
1413808309762,0.38136974,-0.313268,10.133538,null
1413808309915,0.38136974,-0.2860273,10.18802,null
1413808310070,0.3677494,-0.2860273,10.174399,null
1413808310234,0.44947147,-0.2860273,10.174399,null
1413808310389,0.3949901,-0.21792556,10.18802,null
1413808310549,0.3949901,-0.2860273,10.160779,null
1413808310701,0.38136974,-0.3405087,10.147159,null
1413808310856,0.38136974,-0.313268,10.133538,null
1413808311009,0.32688835,-0.2860273,10.20164,null
1413808311160,0.35412905,-0.29964766,10.18802,null
1413808311315,0.35412905,-0.29964766,10.119919,null
1413808311466,0.3677494,-0.2860273,10.160779,null
1413808311636,0.42223078,-0.2860273,10.147159,null
1413808311789,0.40861043,-0.2860273,10.160779,null
1413808311944,0.3677494,-0.313268,10.18802,null
1413808312095,0.35412905,-0.25878662,10.18802,null
1413808312259,0.35412905,-0.2860273,10.160779,null
1413808312414,0.35412905,-0.3405087,10.2152605,null
1413808312585,0.38136974,-0.313268,10.20164,null
1413808312736,0.35412905,-0.24516626,10.119919,null
1413808312890,0.3677494,-0.25878662,10.160779,null
1413808313041,0.35412905,-0.313268,10.174399,null
1413808313203,0.35412905,-0.313268,10.18802,null
1413808313360,0.40861043,-0.27240697,10.119919,null
1413808313530,0.3949901,-0.24516626,10.20164,null
1413808313685,0.40861043,-0.2860273,10.160779,null
1413808313838,0.40861043,-0.24516626,10.147159,null
1413808313994,0.35412905,-0.2860273,10.133538,null
1413808314144,0.3949901,-0.25878662,10.2152605,null
1413808314314,0.40861043,-0.2860273,10.174399,null
1413808314469,0.3677494,-0.29964766,10.160779,null
1413808314638,0.32688835,-0.24516626,10.18802,null
1413808314789,0.35412905,-0.2860273,10.18802,null
1413808314940,0.3677494,-0.25878662,10.160779,null
1413808315094,0.38136974,-0.313268,10.2152605,null
1413808315263,0.40861043,-0.32688835,10.160779,null
1413808315422,0.3405087,-0.313268,10.119919,null
1413808315593,0.313268,-0.2860273,10.174399,null
1413808315765,0.38136974,-0.2860273,10.160779,null
1413808315919,0.3949901,-0.2860273,10.160779,null
1413808316078,0.40861043,-0.29964766,10.18802,null
1413808316240,0.3949901,-0.24516626,10.18802,null
1413808316396,0.44947147,-0.313268,10.18802,null
1413808316548,0.3949901,-0.313268,10.160779,null
1413808316700,0.38136974,-0.29964766,10.18802,null
1413808316853,0.38136974,-0.24516626,10.18802,null
1413808317009,0.40861043,-0.29964766,10.133538,null
1413808317164,0.38136974,-0.2860273,10.147159,null
1413808317332,0.38136974,-0.2860273,10.20164,null
1413808317502,0.35412905,-0.313268,10.160779,null
1413808317653,0.40861043,-0.2860273,10.160779,null
1413808317817,0.3405087,-0.24516626,10.18802,null
1413808317976,0.40861043,-0.313268,10.18802,null
1413808318140,0.35412905,-0.2860273,10.160779,null
1413808318307,0.3949901,-0.313268,10.119919,null
1413808318463,0.3949901,-0.27240697,10.160779,null
1413808318619,0.40861043,-0.35412905,10.160779,null
1413808318769,0.35412905,-0.313268,10.20164,null
1413808318941,0.40861043,-0.2860273,10.2152605,null
1413808319094,0.40861043,-0.32688835,10.160779,null
1413808319249,0.35412905,-0.27240697,10.18802,null
1413808319402,0.40861043,-0.29964766,10.133538,null
1413808319603,0.35412905,-0.2860273,10.160779,null
1413808319750,0.42223078,-0.32688835,10.147159,null
1413808319905,0.35412905,-0.2860273,10.18802,null
1413808320066,0.40861043,-0.27240697,10.147159,null
1413808320229,0.3405087,-0.25878662,10.18802,null
1413808320388,0.3677494,-0.2860273,10.20164,null
1413808320539,0.35412905,-0.2860273,10.18802,null
1413808320690,0.3949901,-0.27240697,10.160779,null
1413808320860,0.3949901,-0.21792556,10.133538,null
1413808321013,0.3677494,-0.24516626,10.18802,null
1413808321168,0.38136974,-0.313268,10.160779,null
1413808321321,0.3677494,-0.32688835,10.160779,null
1413808321476,0.53119355,-0.29964766,10.174399,null
1413808321629,0.40861043,-0.2860273,10.119919,null
1413808321794,0.3677494,-0.32688835,10.119919,null
1413808321948,0.38136974,-0.2860273,10.160779,null
1413808322107,0.38136974,-0.2860273,10.160779,null
1413808322277,0.3405087,-0.2860273,10.160779,null
1413808322434,0.38136974,-0.313268,10.18802,null
1413808322591,0.38136974,-0.2860273,10.174399,null
1413808322756,0.40861043,-0.313268,10.174399,null
1413808322930,0.38136974,-0.29964766,10.174399,null
1413808323085,0.40861043,-0.313268,10.174399,null
1413808323236,0.40861043,-0.29964766,10.18802,null
1413808323389,0.35412905,-0.32688835,10.147159,null
1413808323538,0.3677494,-0.29964766,10.18802,null
1413808323688,0.38136974,-0.3405087,10.18802,null
1413808323839,0.3677494,-0.29964766,10.18802,null
1413808323994,0.40861043,-0.27240697,10.133538,null
1413808324148,0.3405087,-0.2860273,10.18802,null
1413808324301,0.40861043,-0.313268,10.20164,null
1413808324456,0.3677494,-0.313268,10.160779,null
1413808324608,0.38136974,-0.29964766,10.2152605,null
1413808324760,0.3405087,-0.35412905,10.119919,null
1413808324915,0.3677494,-0.2860273,10.20164,null
1413808325069,0.38136974,-0.313268,10.18802,null
1413808325238,0.3405087,-0.25878662,10.2152605,null
1413808325405,0.44947147,-0.2860273,10.160779,null
1413808325556,0.38136974,-0.313268,10.2152605,null
1413808325738,0.313268,-0.2860273,10.119919,null
1413808325888,0.38136974,-0.313268,10.119919,null
1413808326039,0.44947147,-0.313268,10.18802,null
1413808326192,0.40861043,-0.313268,10.2152605,null
1413808326351,0.3677494,-0.25878662,10.160779,null
1413808326522,0.3677494,-0.27240697,10.160779,null
1413808326677,0.3677494,-0.313268,10.160779,null
1413808326844,0.38136974,-0.313268,10.133538,null
1413808327000,0.38136974,-0.24516626,10.119919,null
1413808327156,0.40861043,-0.29964766,10.174399,null
1413808327320,0.38136974,-0.2860273,10.20164,null
1413808327470,0.35412905,-0.313268,10.20164,null
1413808327623,0.3677494,-0.2860273,10.160779,null
1413808327794,0.35412905,-0.2860273,10.160779,null
1413808327945,0.40861043,-0.313268,10.18802,null
1413808328099,0.3405087,-0.29964766,10.147159,null
1413808328257,0.3677494,-0.2860273,10.18802,null
1413808328419,0.313268,-0.2860273,10.160779,null
1413808328581,0.3949901,-0.2860273,10.160779,null
1413808328747,0.35412905,-0.27240697,10.174399,null
1413808328897,0.40861043,-0.25878662,10.174399,null
1413808329051,0.3677494,-0.2860273,10.133538,null
1413808329203,0.35412905,-0.29964766,10.20164,null
1413808329368,0.43585113,-0.2860273,10.2152605,null
1413808329526,0.40861043,-0.313268,10.160779,null
1413808329681,0.42223078,-0.21792556,10.133538,null
1413808329831,0.3949901,-0.24516626,10.133538,null
1413808329989,0.3949901,-0.2860273,10.106298,null
1413808330159,0.38136974,-0.2860273,10.133538,null
1413808330311,0.3949901,-0.2860273,10.133538,null
1413808330463,0.40861043,-0.2860273,10.119919,null
1413808330614,0.38136974,-0.2860273,10.18802,null
1413808330781,0.3677494,-0.2860273,10.18802,null
1413808330945,0.35412905,-0.29964766,10.18802,null
1413808331098,0.40861043,-0.2860273,10.119919,null
1413808331263,0.40861043,-0.313268,10.20164,null
1413808331414,0.40861043,-0.24516626,10.18802,null
1413808331564,0.38136974,-0.2860273,10.160779,null
1413808331718,0.40861043,-0.24516626,10.18802,null
1413808331870,0.38136974,-0.27240697,10.228881,null
1413808332026,0.3677494,-0.2860273,10.147159,null
1413808332179,0.40861043,-0.25878662,10.160779,null
1413808332338,0.38136974,-0.3405087,10.119919,null
1413808332490,0.40861043,-0.2860273,10.160779,null
1413808332658,0.35412905,-0.29964766,10.147159,null
1413808332814,0.3677494,-0.27240697,10.119919,null
1413808332986,0.3405087,-0.2860273,10.160779,null
1413808333141,0.38136974,-0.32688835,10.18802,null
1413808333305,0.38136974,-0.2860273,10.18802,null
1413808333476,0.38136974,-0.27240697,10.147159,null
1413808333627,0.40861043,-0.29964766,10.147159,null
1413808333790,0.42223078,-0.2860273,10.147159,null
1413808333955,0.40861043,-0.2860273,10.160779,null
1413808334114,0.40861043,-0.27240697,10.174399,null
1413808334274,0.40861043,-0.313268,10.147159,null
1413808334443,0.35412905,-0.313268,10.160779,null
1413808334594,0.43585113,-0.35412905,10.174399,null
1413808334745,0.44947147,-0.2860273,10.147159,null
1413808334899,0.35412905,-0.25878662,10.174399,null
1413808335048,0.40861043,-0.313268,10.174399,null
1413808335204,0.38136974,-0.23154591,10.160779,null
1413808335371,0.38136974,-0.313268,10.174399,null
1413808335526,0.38136974,-0.25878662,10.20164,null
1413808335690,0.40861043,-0.313268,10.18802,null
1413808335842,0.40861043,-0.2860273,10.18802,null
1413808335995,0.40861043,-0.2860273,10.119919,null
1413808336149,0.3949901,-0.2860273,10.147159,null
1413808336318,0.3405087,-0.2860273,10.18802,null
1413808336488,0.38136974,-0.27240697,10.2152605,null
1413808336640,0.3949901,-0.27240697,10.174399,null
1413808336790,0.40861043,-0.27240697,10.256122,null
1413808336940,0.38136974,-0.29964766,10.18802,null
1413808337091,0.38136974,-0.2860273,10.18802,null
1413808337260,0.46309182,-0.2860273,10.20164,null
1413808337422,0.38136974,-0.27240697,10.160779,null
1413808337584,0.35412905,-0.2860273,10.2152605,null
1413808337746,0.38136974,-0.27240697,10.174399,null
1413808337910,0.43585113,-0.23154591,10.119919,null
1413808338063,0.40861043,-0.24516626,10.18802,null
1413808338219,0.313268,-0.2860273,10.147159,null
1413808338371,0.35412905,-0.29964766,10.2152605,null
1413808338523,0.40861043,-0.2860273,10.160779,null
1413808338680,0.35412905,-0.2860273,10.174399,null
1413808338840,0.3677494,-0.2860273,10.174399,null
1413808338994,0.40861043,-0.3405087,10.20164,null
1413808339161,0.40861043,-0.2860273,10.20164,null
1413808339322,0.3949901,-0.32688835,10.174399,null
1413808339484,0.44947147,-0.24516626,10.119919,null
1413808339651,0.3949901,-0.2860273,10.20164,null
1413808339803,0.40861043,-0.32688835,10.119919,null
1413808339959,0.3949901,-0.27240697,10.20164,null
1413808340131,0.38136974,-0.29964766,10.092678,null
1413808340286,0.38136974,-0.313268,10.106298,null
1413808340450,0.40861043,-0.25878662,10.174399,null
1413808340603,0.35412905,-0.313268,10.119919,null
1413808340760,0.3405087,-0.27240697,10.18802,null
1413808340911,0.32688835,-0.25878662,10.174399,null
1413808341069,0.32688835,-0.2860273,10.133538,null
1413808341220,0.40861043,-0.24516626,10.160779,null
1413808341371,0.40861043,-0.32688835,10.119919,null
1413808341541,0.3949901,-0.24516626,10.160779,null
1413808341692,0.3949901,-0.2860273,10.147159,null
1413808341863,0.38136974,-0.25878662,10.174399,null
1413808342022,0.313268,-0.2860273,10.133538,null
1413808342174,0.3677494,-0.32688835,10.20164,null
1413808342326,0.40861043,-0.2860273,10.160779,null
1413808342489,0.40861043,-0.29964766,10.20164,null
1413808342640,0.40861043,-0.44947147,10.051817,null
1413808342796,0.35412905,-0.313268,10.174399,null
1413808342948,0.38136974,-0.313268,10.160779,null
1413808343100,0.3949901,-0.27240697,10.160779,null
1413808343256,0.3949901,-0.25878662,10.133538,null
1413808343420,0.38136974,-0.24516626,10.160779,null
1413808343571,0.44947147,-0.3405087,10.160779,null
1413808343725,0.35412905,-0.2860273,10.160779,null
1413808343878,0.3677494,-0.313268,10.160779,null
1413808344037,0.313268,-0.2860273,10.160779,null
1413808344198,0.42223078,-0.29964766,10.092678,null
1413808344362,0.35412905,-0.313268,10.160779,null
1413808344523,0.44947147,-0.3405087,10.18802,null
1413808344685,0.40861043,-0.2860273,10.18802,null
1413808344836,0.38136974,-0.2860273,10.106298,null
1413808344988,0.40861043,-0.32688835,10.160779,null
1413808345146,0.3949901,-0.313268,10.18802,null
1413808345299,0.35412905,-0.29964766,10.18802,null
1413808345450,0.40861043,-0.2860273,10.147159,null
1413808345606,0.3949901,-0.27240697,10.18802,null
1413808345774,0.35412905,-0.2860273,10.160779,null
1413808345929,0.38136974,-0.2860273,10.2152605,null
1413808346081,0.38136974,-0.2860273,10.2152605,null
1413808346248,0.38136974,-0.2860273,10.160779,null
1413808346415,0.3677494,-0.2860273,10.133538,null
1413808346584,0.35412905,-0.2860273,10.133538,null
1413808346737,0.35412905,-0.25878662,10.18802,null
1413808346909,0.42223078,-0.2860273,10.18802,null
1413808347061,0.35412905,-0.2860273,10.18802,null
1413808347216,0.38136974,-0.313268,10.174399,null
1413808347367,0.38136974,-0.2860273,10.160779,null
1413808347533,0.40861043,-0.2860273,10.174399,null
1413808347684,0.38136974,-0.3405087,10.18802,null
1413808347837,0.38136974,-0.32688835,10.18802,null
1413808348019,0.38136974,-0.24516626,10.160779,null
1413808348184,0.38136974,-0.313268,10.133538,null
1413808348360,0.42223078,-0.32688835,10.119919,null
1413808348519,0.40861043,-0.29964766,10.160779,null
1413808348683,0.38136974,-0.27240697,10.133538,null
1413808348851,0.40861043,-0.2860273,10.2152605,null
1413808349002,0.35412905,-0.27240697,10.147159,null
1413808349170,0.38136974,-0.2860273,10.2152605,null
1413808349334,0.35412905,-0.2860273,10.2152605,null
1413808349496,0.44947147,-0.2860273,10.160779,null
1413808349649,0.38136974,-0.2860273,10.2152605,null
1413808349816,0.40861043,-0.27240697,10.133538,null
1413808349970,0.40861043,-0.29964766,10.147159,null
1413808350122,0.38136974,-0.2860273,10.174399,null
1413808350279,0.3677494,-0.2860273,10.18802,null
1413808350430,0.3677494,-0.313268,10.2152605,null
1413808350601,0.38136974,-0.29964766,10.160779,null
1413808350758,0.40861043,-0.2860273,10.174399,null
1413808350907,0.40861043,-0.313268,10.18802,null
1413808351062,0.38136974,-0.25878662,10.174399,null
1413808351219,0.38136974,-0.29964766,10.119919,null
1413808351374,0.40861043,-0.29964766,10.147159,null
1413808351527,0.3949901,-0.29964766,10.242501,null
1413808351686,0.38136974,-0.27240697,10.2152605,null
1413808351850,0.40861043,-0.27240697,10.160779,null
1413808352001,0.35412905,-0.2860273,10.160779,null
1413808352160,0.32688835,-0.2860273,10.174399,null
1413808352312,0.35412905,-0.2860273,10.160779,null
1413808352465,0.40861043,-0.313268,10.18802,null
1413808352620,0.44947147,-0.313268,10.20164,null
1413808352779,0.40861043,-0.2860273,10.147159,null
1413808352930,0.38136974,-0.25878662,10.160779,null
1413808353090,0.3949901,-0.2860273,10.119919,null
1413808353259,0.38136974,-0.313268,10.160779,null
1413808353411,0.32688835,-0.2860273,10.133538,null
1413808353585,0.40861043,-0.313268,10.160779,null
1413808353735,0.3949901,-0.313268,10.174399,null
1413808353888,0.43585113,-0.29964766,10.20164,null
1413808354049,0.3405087,-0.20430522,10.160779,null
1413808354200,0.3677494,-0.313268,10.160779,null
1413808354356,0.35412905,-0.313268,10.160779,null
1413808354524,0.35412905,-0.32688835,10.174399,null
1413808354677,0.43585113,-0.313268,10.18802,null
1413808354829,0.38136974,-0.2860273,10.18802,null
1413808354982,0.3677494,-0.27240697,10.119919,null
1413808355143,0.38136974,-0.35412905,10.160779,null
1413808355296,0.38136974,-0.29964766,10.18802,null
1413808355463,0.3677494,-0.2860273,10.160779,null
1413808355618,0.35412905,-0.27240697,10.174399,null
1413808355773,0.38136974,-0.25878662,10.147159,null
1413808355944,0.38136974,-0.25878662,10.18802,null
1413808356097,0.38136974,-0.313268,10.174399,null
1413808356250,0.44947147,-0.2860273,10.119919,null
1413808356403,0.38136974,-0.24516626,10.2152605,null
1413808356554,0.3949901,-0.2860273,10.160779,null
1413808356707,0.38136974,-0.27240697,10.2152605,null
1413808356861,0.3677494,-0.32688835,10.147159,null
1413808357030,0.35412905,-0.3677494,10.18802,null
1413808357200,0.38136974,-0.2860273,10.147159,null
1413808357353,0.35412905,-0.2860273,10.18802,null
1413808357516,0.3677494,-0.2860273,10.160779,null
1413808357668,0.44947147,-0.24516626,10.133538,null
1413808357830,0.38136974,-0.2860273,10.2152605,null
1413808358002,0.40861043,-0.27240697,10.160779,null
1413808358159,0.38136974,-0.2860273,10.18802,null
1413808358311,0.40861043,-0.313268,10.119919,null
1413808358480,0.40861043,-0.27240697,10.160779,null
1413808358632,0.40861043,-0.2860273,10.20164,null
1413808358801,0.3949901,-0.2860273,10.119919,null
1413808358952,0.42223078,-0.2860273,10.160779,null
1413808359105,0.35412905,-0.25878662,10.18802,null
1413808359257,0.40861043,-0.2860273,10.119919,null
1413808359416,0.3949901,-0.25878662,10.119919,null
1413808359579,0.38136974,-0.27240697,10.269742,null
1413808359732,0.313268,-0.313268,10.18802,null
1413808359886,0.35412905,-0.27240697,10.20164,null
1413808360038,0.43585113,-0.27240697,10.18802,null
1413808360189,0.32688835,-0.2860273,10.160779,null
1413808360342,0.38136974,-0.313268,10.20164,null
1413808360495,0.38136974,-0.29964766,10.256122,null
1413808360648,0.3405087,-0.25878662,10.160779,null
1413808360804,0.40861043,-0.27240697,10.20164,null
1413808360957,0.29964766,-0.21792556,10.133538,null
1413808361112,0.38136974,-0.32688835,10.160779,null
1413808361269,0.35412905,-0.25878662,10.20164,null
1413808361449,0.43585113,-0.32688835,10.160779,null
1413808361603,0.38136974,-0.35412905,10.160779,null
1413808361763,0.32688835,-0.313268,10.2152605,null
1413808361932,0.3405087,-0.24516626,10.18802,null
1413808362087,0.40861043,-0.2860273,10.092678,null
1413808362242,0.38136974,-0.2860273,10.18802,null
1413808362397,0.35412905,-0.2860273,10.160779,null
1413808362548,0.3949901,-0.27240697,10.160779,null
1413808362720,0.3405087,-0.2860273,10.160779,null
1413808362885,0.38136974,-0.313268,10.18802,null
1413808363040,0.38136974,-0.25878662,10.119919,null
1413808363193,0.35412905,-0.2860273,10.20164,null
1413808363346,0.3677494,-0.2860273,10.18802,null
1413808363508,0.35412905,-0.25878662,10.18802,null
1413808363675,0.38136974,-0.2860273,10.18802,null
1413808363827,0.35412905,-0.2860273,10.20164,null
1413808363985,0.3949901,-0.2860273,10.119919,null
1413808364136,0.40861043,-0.2860273,10.20164,null
1413808364289,0.35412905,-0.2860273,10.20164,null
1413808364442,0.40861043,-0.2860273,10.160779,null
1413808364594,0.3677494,-0.2860273,10.160779,null
1413808364747,0.40861043,-0.313268,10.160779,null
1413808364898,0.38136974,-0.2860273,10.2152605,null
1413808365053,0.42223078,-0.313268,10.242501,null
1413808365206,0.3949901,-0.29964766,10.20164,null
1413808365360,0.40861043,-0.24516626,10.147159,null
1413808365520,0.40861043,-0.313268,10.18802,null
1413808365680,0.38136974,-0.313268,10.160779,null
1413808365832,0.42223078,-0.2860273,10.147159,null
1413808365999,0.35412905,-0.25878662,10.20164,null
1413808366163,0.38136974,-0.313268,10.160779,null
1413808366326,0.3677494,-0.25878662,10.160779,null
1413808366487,0.38136974,-0.32688835,10.160779,null
1413808366651,0.3677494,-0.24516626,10.133538,null
1413808366790,0.3949901,-0.27240697,10.18802,null
1413808366953,0.3949901,-0.313268,10.2152605,null
1413808367121,0.40861043,-0.2860273,10.160779,null
1413808367279,0.38136974,-0.2860273,10.106298,null
1413808367432,0.3677494,-0.27240697,10.20164,null
1413808367604,0.40861043,-0.313268,10.160779,null
1413808367754,0.38136974,-0.27240697,10.174399,null
1413808367905,0.40861043,-0.24516626,10.20164,null
1413808368058,0.40861043,-0.29964766,10.20164,null
1413808368211,0.42223078,-0.2860273,10.18802,null
1413808368364,0.38136974,-0.29964766,10.18802,null
1413808368518,0.38136974,-0.24516626,10.18802,null
1413808368681,0.43585113,-0.29964766,10.160779,null
1413808368834,0.38136974,-0.2860273,10.092678,null
1413808368988,0.40861043,-0.2860273,10.133538,null
1413808369139,0.40861043,-0.29964766,10.160779,null
1413808369291,0.42223078,-0.27240697,10.18802,null
1413808369444,0.38136974,-0.29964766,10.20164,null
1413808369595,0.44947147,-0.2860273,10.133538,null
1413808369745,0.40861043,-0.313268,10.2152605,null
1413808369914,0.38136974,-0.25878662,10.18802,null
1413808370070,0.40861043,-0.3405087,10.174399,null
1413808370223,0.40861043,-0.29964766,10.160779,null
1413808370380,0.40861043,-0.29964766,10.20164,null
1413808370531,0.35412905,-0.2860273,10.256122,null
1413808370692,0.38136974,-0.2860273,10.133538,null
1413808370847,0.313268,-0.23154591,10.18802,null
1413808371007,0.313268,-0.25878662,10.256122,null
1413808371164,0.46309182,-0.17706452,10.160779,null
1413808371328,0.3405087,-0.2860273,10.256122,null
1413808371497,0.47671217,-0.3677494,10.296983,null
1413808371668,0.667397,-0.19068487,10.119919,null
1413808371821,0.6946377,-0.24516626,10.106298,null
1413808371990,0.35412905,-0.32688835,10.079058,null
1413808372143,0.5720546,-0.21792556,10.160779,null
1413808372314,0.58567494,-0.095342435,10.2152605,null
1413808372467,0.61291564,-0.27240697,10.18802,null
1413808372626,0.5720546,-0.23154591,10.092678,null
1413808372778,0.53119355,-0.43585113,10.133538,null
1413808372946,0.50395286,-0.25878662,10.18802,null
1413808373097,0.58567494,-0.24516626,10.174399,null
1413808373250,0.55843425,-0.3405087,10.147159,null
1413808373402,0.55843425,-0.25878662,10.18802,null
1413808373570,0.61291564,-0.313268,10.160779,null
1413808373738,0.5992953,-0.27240697,10.160779,null
1413808373893,0.58567494,-0.24516626,10.119919,null
1413808374060,0.5992953,-0.2860273,10.160779,null
1413808374231,0.5720546,-0.23154591,10.18802,null
1413808374386,0.55843425,-0.2860273,10.174399,null
1413808374537,0.61291564,-0.2860273,10.160779,null
1413808374702,0.626536,-0.2860273,10.20164,null
1413808374866,0.5992953,-0.35412905,10.133538,null
1413808375037,0.6401563,-0.3677494,10.160779,null
1413808375191,0.58567494,-0.25878662,10.133538,null
1413808375343,0.6401563,-0.35412905,10.18802,null
1413808375499,0.38136974,-0.44947147,10.20164,null
1413808375695,0.7082581,0.013620348,10.106298,null
1413808375851,0.13620348,-0.19068487,10.133538,null
1413808376010,0.2860273,-0.35412905,10.61025,null
1413808376175,0.27240697,-0.35412905,10.079058,null
1413808376330,0.027240695,-0.50395286,10.119919,null
1413808376483,0.08172209,-0.14982383,10.024576,null
1413808376635,-0.095342435,-0.8036005,9.493382,null
1413808376789,0.35412905,-0.9670447,10.119919,null
1413808376940,0.8036005,-0.81722087,10.419566,null
1413808377111,0.6401563,-0.7082581,9.711308,null
1413808377280,-0.7218784,0.20430522,11.577295,null
1413808377433,-0.05448139,-0.17706452,10.2152605,null
1413808377594,-0.05448139,-0.16344418,10.174399,null
1413808377761,-0.027240695,-0.19068487,10.160779,null
1413808377916,-0.05448139,-0.14982383,10.174399,null
1413808378069,-0.040861044,-0.17706452,10.119919,null
1413808378221,-0.13620348,-0.08172209,10.160779,null
1413808378393,0.027240695,-0.24516626,10.133538,null
1413808378545,-0.10896278,-0.17706452,10.147159,null
1413808378709,-0.06810174,-0.13620348,10.160779,null
1413808378883,-0.06810174,-0.12258313,10.079058,null
1413808379055,-0.040861044,-0.19068487,10.119919,null
1413808379222,-0.05448139,-0.19068487,10.092678,null
1413808379377,-0.06810174,-0.12258313,10.119919,null
1413808379546,-0.08172209,-0.14982383,10.119919,null
1413808379710,-0.06810174,-0.13620348,10.160779,null
1413808379878,-0.027240695,-0.20430522,10.119919,null
1413808380037,-0.095342435,-0.14982383,10.147159,null
1413808380198,-0.027240695,-0.19068487,10.18802,null
1413808380355,-0.027240695,-0.19068487,10.119919,null
1413808380507,-0.05448139,-0.14982383,10.119919,null
1413808380660,-0.040861044,-0.14982383,10.119919,null
1413808380808,-0.05448139,-0.21792556,10.160779,null
1413808380974,-0.027240695,-0.20430522,10.119919,null
1413808381130,-0.08172209,-0.19068487,10.106298,null
1413808381301,-0.095342435,-0.13620348,10.18802,null
1413808381451,-0.013620348,-0.13620348,10.18802,null
1413808381603,-0.013620348,-0.19068487,10.106298,null
1413808381771,-0.027240695,-0.14982383,10.147159,null
1413808381942,-0.027240695,-0.14982383,10.18802,null
1413808382098,-0.040861044,-0.16344418,10.160779,null
1413808382250,-0.08172209,-0.20430522,10.133538,null
1413808382403,-0.027240695,-0.17706452,10.174399,null
1413808382574,-0.05448139,-0.12258313,10.133538,null
1413808382723,-0.040861044,-0.13620348,10.147159,null
1413808382876,-0.05448139,-0.12258313,10.18802,null
1413808383029,-0.095342435,-0.24516626,10.079058,null
1413808383195,-0.05448139,-0.21792556,10.119919,null
1413808383348,-0.14982383,-0.17706452,10.106298,null
1413808383499,-0.06810174,-0.19068487,10.092678,null
1413808383660,-0.06810174,-0.10896278,9.915613,null
1413808383826,0.013620348,-0.14982383,10.2152605,null
1413808383981,0.013620348,-0.19068487,10.147159,null
1413808384153,0.013620348,-0.19068487,10.228881,null
1413808384303,-0.040861044,-0.20430522,10.133538,null
1413808384456,-0.06810174,-0.16344418,10.133538,null
1413808384612,-0.06810174,-0.19068487,10.160779,null
1413808384763,-0.027240695,-0.13620348,10.147159,null
1413808384914,-0.040861044,-0.14982383,10.133538,null
1413808385081,-0.027240695,-0.20430522,10.119919,null
1413808385245,-0.040861044,-0.17706452,10.147159,null
1413808385401,-0.027240695,-0.21792556,10.174399,null
1413808385559,-0.05448139,-0.20430522,10.160779,null
1413808385725,-0.040861044,-0.14982383,10.119919,null
1413808385917,-0.10896278,-0.17706452,10.092678,null
1413808386056,-0.027240695,-0.19068487,10.051817,null
1413808386210,-0.06810174,-0.19068487,10.106298,null
1413808386365,-0.013620348,-0.20430522,10.133538,null
1413808386516,-0.027240695,-0.19068487,10.174399,null
1413808386667,-0.027240695,-0.14982383,10.133538,null
1413808386836,-0.013620348,-0.19068487,10.160779,null
1413808386986,-0.05448139,-0.21792556,10.119919,null
1413808387139,-0.05448139,-0.16344418,10.147159,null
1413808387294,0.013620348,-0.14982383,10.160779,null
1413808387449,-0.05448139,-0.12258313,10.065437,null
1413808387601,-0.013620348,-0.21792556,10.18802,null
1413808387751,-0.08172209,-0.17706452,10.20164,null
1413808387908,-0.05448139,-0.16344418,10.174399,null
1413808388060,-0.027240695,-0.16344418,10.147159,null
1413808388214,-0.05448139,-0.19068487,10.160779,null
1413808388367,-0.027240695,-0.25878662,10.160779,null
1413808388518,-0.095342435,-0.23154591,10.119919,null
1413808388668,-0.095342435,-0.14982383,10.160779,null
1413808388834,-0.06810174,-0.14982383,10.106298,null
1413808388989,-0.013620348,-0.17706452,10.092678,null
1413808389162,-0.06810174,-0.17706452,10.160779,null
1413808389317,0.013620348,-0.21792556,10.18802,null
1413808389472,-0.05448139,-0.14982383,10.160779,null
1413808389626,-0.027240695,-0.17706452,10.119919,null
1413808389780,-0.095342435,-0.19068487,10.20164,null
1413808389931,-0.06810174,-0.20430522,10.119919,null
1413808390083,0.013620348,-0.19068487,10.092678,null
1413808390239,-0.040861044,-0.16344418,10.2152605,null
1413808390392,-0.08172209,-0.21792556,10.147159,null
1413808390543,-0.095342435,-0.17706452,10.119919,null
1413808390712,-0.027240695,-0.17706452,10.160779,null
1413808390865,-0.05448139,-0.21792556,10.133538,null
1413808391016,-0.027240695,-0.14982383,10.119919,null
1413808391169,-0.06810174,-0.20430522,10.133538,null
1413808391320,0.013620348,-0.17706452,10.092678,null
1413808391472,-0.040861044,-0.13620348,10.18802,null
1413808391639,-0.040861044,-0.16344418,10.092678,null
1413808391803,-0.027240695,-0.16344418,10.106298,null
1413808391957,-0.027240695,-0.19068487,10.092678,null
1413808392112,-0.027240695,-0.19068487,10.092678,null
1413808392268,-0.027240695,-0.20430522,10.147159,null
1413808392421,-0.05448139,-0.14982383,10.119919,null
1413808392573,-0.027240695,-0.19068487,10.160779,null
1413808392746,-0.027240695,-0.17706452,10.133538,null
1413808392898,-0.05448139,-0.12258313,10.065437,null
1413808393050,-0.05448139,-0.17706452,10.092678,null
1413808393205,-0.040861044,-0.14982383,10.119919,null
1413808393361,-0.095342435,-0.19068487,10.174399,null
1413808393516,-0.095342435,-0.14982383,10.119919,null
1413808393669,-0.027240695,-0.19068487,10.119919,null
1413808393834,-0.040861044,-0.16344418,10.18802,null
1413808393991,-0.027240695,-0.14982383,10.051817,null
1413808394146,-0.095342435,-0.17706452,10.20164,null
1413808394300,-0.013620348,-0.20430522,10.160779,null
1413808394452,-0.05448139,-0.16344418,10.119919,null
1413808394603,-0.027240695,-0.14982383,10.160779,null
1413808394753,-0.05448139,-0.20430522,10.2152605,null
1413808394925,0.027240695,-0.20430522,10.147159,null
1413808395078,-0.027240695,-0.17706452,10.160779,null
1413808395245,-0.06810174,-0.19068487,10.106298,null
1413808395396,-0.05448139,-0.16344418,10.147159,null
1413808395549,-0.08172209,-0.17706452,10.160779,null
1413808395720,-0.05448139,-0.16344418,10.18802,null
1413808395890,0.013620348,-0.19068487,10.133538,null
1413808396043,-0.027240695,-0.19068487,10.160779,null
1413808396198,-0.013620348,-0.17706452,10.119919,null
1413808396356,-0.027240695,-0.20430522,10.160779,null
1413808396508,-0.027240695,-0.16344418,10.174399,null
1413808396669,-0.027240695,-0.19068487,10.119919,null
1413808396831,-0.013620348,-0.19068487,10.174399,null
1413808396984,-0.027240695,-0.14982383,10.160779,null
1413808397138,-0.027240695,-0.16344418,10.20164,null
1413808397288,-0.027240695,-0.21792556,10.133538,null
1413808397443,-0.08172209,-0.13620348,10.133538,null
1413808397613,-0.10896278,-0.17706452,10.228881,null
1413808397783,-0.027240695,-0.19068487,10.133538,null
1413808397954,-0.05448139,-0.17706452,10.119919,null
1413808398104,-0.027240695,-0.19068487,10.160779,null
1413808398275,-0.095342435,-0.20430522,10.092678,null
1413808398429,-0.027240695,-0.14982383,10.133538,null
1413808398582,-0.040861044,-0.21792556,10.092678,null
1413808398752,-0.027240695,-0.14982383,10.174399,null
1413808398918,-0.027240695,-0.21792556,10.228881,null
1413808399079,-0.027240695,-0.21792556,10.092678,null
1413808399247,-0.05448139,-0.17706452,10.147159,null
1413808399408,-0.095342435,-0.19068487,10.133538,null
1413808399569,-0.027240695,-0.20430522,10.106298,null
1413808399730,-0.05448139,-0.16344418,10.147159,null
1413808399891,-0.027240695,-0.27240697,10.18802,null
1413808400051,-0.08172209,-0.21792556,10.119919,null
1413808400212,-0.040861044,-0.21792556,10.18802,null
1413808400373,-0.027240695,-0.19068487,10.133538,null
1413808400534,-0.05448139,-0.19068487,10.133538,null
1413808400695,-0.027240695,-0.16344418,10.119919,null
1413808400856,-0.05448139,-0.20430522,10.106298,null
1413808401017,-0.05448139,-0.14982383,10.160779,null
1413808401178,-0.05448139,-0.14982383,10.133538,null
1413808401339,-0.027240695,-0.14982383,10.160779,null
1413808401500,-0.10896278,-0.14982383,10.160779,null
1413808401661,-0.05448139,-0.12258313,10.18802,null
1413808401822,-0.027240695,-0.16344418,10.133538,null
1413808401983,-0.05448139,-0.17706452,10.133538,null
1413808402144,-0.013620348,-0.17706452,10.18802,null
1413808402305,-0.05448139,-0.13620348,10.119919,null
1413808402466,-0.05448139,-0.19068487,10.2152605,null
1413808402627,0.05448139,-0.19068487,10.147159,null
1413808402785,-0.16344418,-0.13620348,10.119919,null
1413808402938,0.013620348,-0.20430522,10.160779,null
1413808403090,-0.095342435,-0.14982383,10.2152605,null
1413808403245,-0.040861044,-0.19068487,10.18802,null
1413808403396,-0.040861044,-0.19068487,10.065437,null
1413808403568,-0.013620348,-0.19068487,10.160779,null
1413808403755,-0.05448139,-0.13620348,10.133538,null
1413808403912,-0.095342435,-0.16344418,10.147159,null
1413808404081,-0.040861044,-0.19068487,10.160779,null
1413808404242,-0.05448139,-0.21792556,10.119919,null
1413808404405,-0.027240695,-0.19068487,10.160779,null
1413808404569,-0.027240695,-0.19068487,10.119919,null
1413808404734,-0.05448139,-0.21792556,10.119919,null
1413808404900,-0.013620348,-0.17706452,10.119919,null
1413808405058,-0.05448139,-0.23154591,10.160779,null
1413808405211,-0.05448139,-0.14982383,10.147159,null
1413808405370,-0.05448139,-0.17706452,10.160779,null