1413811004381,2.2609777,-0.027240695,9.752169,null
1413811004540,2.192876,-0.08172209,9.847511,null
1413811004691,2.2064962,-0.027240695,9.874752,null
1413811004847,2.2201166,-0.027240695,9.820271,null
1413811005000,2.192876,-0.05448139,9.929234,null
1413811005169,2.2745981,-0.027240695,9.833891,null
1413811005322,2.233737,-0.027240695,9.901993,null
1413811005477,2.2882185,-0.05448139,9.942854,null
1413811005639,2.0294318,-0.027240695,10.514909,null
1413811006444,2.233737,-0.027240695,9.983715,null
1413811006450,2.192876,-0.027240695,9.901993,null
1413811006451,2.2473574,-0.013620348,9.833891,null
1413811006451,2.2201166,-0.027240695,9.901993,null
1413811006523,2.2064962,-0.027240695,9.901993,null
1413811006610,2.2609777,-0.05448139,9.80665,null
1413811006771,2.2201166,-0.027240695,9.80665,null
1413811006933,2.233737,-0.040861044,9.861132,null
1413811007095,2.2745981,-0.013620348,9.901993,null
1413811007264,2.192876,-0.027240695,9.929234,null
1413811007424,2.0158114,-0.05448139,10.392325,null
1413811007594,2.2609777,-0.040861044,9.997335,null
1413811007751,2.233737,-0.027240695,9.847511,null
1413811007914,2.2473574,-0.040861044,9.833891,null
1413811008078,2.2473574,-0.027240695,9.861132,null
1413811008243,2.2201166,-0.040861044,9.79303,null
1413811008410,2.233737,-0.05448139,9.847511,null
1413811008564,2.233737,-0.06810174,9.915613,null
1413811008727,2.233737,-0.027240695,9.901993,null
1413811008892,2.2745981,-0.040861044,9.861132,null
1413811009054,2.2064962,-0.027240695,9.929234,null
1413811009221,2.2473574,-0.027240695,9.847511,null
1413811009382,2.2201166,-0.05448139,9.901993,null
1413811009545,2.2201166,-0.027240695,9.847511,null
1413811009707,2.2745981,-0.027240695,9.343558,null
1413811009871,2.2064962,-0.06810174,9.833891,null
1413811010031,2.152015,-0.013620348,9.861132,null
1413811010192,2.2473574,-0.05448139,9.874752,null
1413811010356,2.233737,-0.040861044,9.820271,null
1413811010523,2.2201166,-0.027240695,9.874752,null
1413811010686,2.2201166,-0.013620348,9.861132,null
1413811010848,2.152015,-0.040861044,9.901993,null
1413811010998,2.233737,-0.027240695,9.929234,null
1413811011157,2.2201166,-0.013620348,9.929234,null
1413811011329,2.2201166,-0.013620348,10.079058,null
1413811011492,2.2201166,-0.040861044,9.861132,null
1413811011663,2.2064962,-0.013620348,9.861132,null
1413811011834,2.2473574,-0.027240695,9.874752,null
1413811011988,2.2201166,-0.027240695,9.833891,null
1413811012159,2.2064962,-0.027240695,9.861132,null
1413811012312,2.2201166,-0.027240695,9.833891,null
1413811012463,2.233737,-0.027240695,9.861132,null
1413811012620,2.2882185,-0.13620348,8.580819,null
1413811012826,2.083913,-0.040861044,10.174399,null
1413811012943,2.2609777,-0.040861044,9.833891,null
1413811013107,2.192876,-0.05448139,9.833891,null
1413811013275,2.2201166,-0.027240695,9.861132,null
1413811013432,2.1247742,-0.013620348,9.833891,null
1413811013587,1.9340894,-0.040861044,10.705593,null
1413811013763,2.1792557,-0.05448139,10.024576,null
1413811013920,2.1792557,-0.013620348,9.901993,null
1413811014087,2.192876,-0.013620348,9.833891,null
1413811014247,2.1656353,-0.013620348,9.861132,null
1413811014401,2.2745981,-0.027240695,9.738548,null
1413811014551,2.192876,0.013620348,9.861132,null
1413811014717,2.233737,0.013620348,10.61025,null
1413811014867,2.587866,-1.0215261,10.051817,null
1413811015038,3.568531,-1.0623871,8.444615,null
1413811015194,3.92266,0.7082581,9.057531,null
1413811015359,2.901134,1.0487667,9.357179,null
1413811015512,1.9885708,2.0294318,10.174399,null
1413811015668,0.17706452,1.2803127,10.501288,null
1413811015841,2.315459,4.3312707,10.310603,null
1413811015993,-0.2860273,1.56634,10.705593,null
1413811016146,1.7025435,0.95342433,11.127824,null
1413811016297,0.88532263,2.506144,9.738548,null
1413811016451,0.92618364,2.1792557,9.80665,null
1413811016600,0.7082581,1.7434045,10.133538,null
1413811016770,1.253072,1.3756552,9.861132,null
1413811016920,0.40861043,2.506144,10.024576,null
1413811017075,0.38136974,1.8387469,10.024576,null
1413811017237,1.0215261,2.083913,10.051817,null
1413811017399,0.61291564,2.083913,9.738548,null
1413811017562,0.58567494,2.0430522,9.779409,null
1413811017713,0.9670447,2.083913,10.010956,null
1413811017880,0.5720546,1.7161638,10.106298,null
1413811018057,0.6401563,2.083913,9.80665,null
1413811018199,0.667397,2.002191,9.929234,null
1413811018359,0.54481393,1.8251266,10.051817,null
1413811018519,0.44947147,2.0294318,10.024576,null
1413811018678,0.61291564,1.96133,9.970095,null
1413811018841,0.6810174,2.152015,9.901993,null
1413811018999,0.50395286,1.9477097,9.888372,null
1413811019157,0.54481393,2.2745981,9.901993,null
1413811019307,0.53119355,2.0430522,9.901993,null
1413811019478,0.61291564,1.9885708,9.847511,null
1413811019651,0.61291564,1.9885708,9.888372,null
1413811019818,0.58567494,1.9749504,9.874752,null
1413811019974,0.61291564,2.0430522,9.847511,null
1413811020128,0.58567494,2.0294318,9.833891,null
1413811020296,0.54481393,2.0430522,9.970095,null
1413811020450,0.5720546,2.0566726,9.956474,null
1413811020604,0.50395286,1.96133,9.956474,null
1413811020766,0.5720546,2.0158114,10.010956,null
1413811020917,0.6401563,1.9340894,9.956474,null
1413811021068,0.55843425,1.9885708,9.901993,null
1413811021243,0.6401563,2.002191,9.861132,null
1413811021410,0.51757324,2.0294318,9.915613,null
1413811021573,0.5720546,1.879608,9.929234,null
1413811021736,0.5992953,2.1247742,9.901993,null
1413811021897,0.47671217,1.8659877,9.942854,null
1413811022058,0.626536,2.0158114,9.874752,null
1413811022228,0.54481393,2.002191,9.901993,null
1413811022383,0.5720546,1.9749504,9.901993,null
1413811022533,0.61291564,1.9477097,9.929234,null
1413811022702,0.626536,2.0430522,9.942854,null
1413811022857,0.53119355,1.9477097,9.956474,null
1413811023010,0.5720546,1.9885708,9.956474,null
1413811023161,0.6537767,2.002191,9.915613,null
1413811023320,0.61291564,1.9749504,9.929234,null
1413811023488,0.5720546,2.0158114,9.942854,null
1413811023658,0.5720546,1.96133,9.942854,null
1413811023822,0.54481393,2.083913,9.847511,null
1413811023988,0.5992953,1.96133,9.942854,null
1413811024159,0.6401563,1.9885708,9.901993,null
1413811024309,0.54481393,1.9340894,9.874752,null
1413811024470,0.5720546,1.9068487,9.970095,null
1413811024632,0.54481393,1.96133,10.024576,null
1413811024794,0.5720546,1.9885708,10.024576,null
1413811024947,0.61291564,2.0158114,9.942854,null
1413811025117,0.61291564,1.96133,9.983715,null
1413811025284,0.58567494,2.0294318,9.915613,null
1413811025451,0.54481393,2.0294318,9.901993,null
1413811025603,0.50395286,2.0158114,9.997335,null
1413811025769,0.58567494,2.0158114,9.901993,null
1413811025938,0.5720546,1.96133,9.874752,null
1413811026089,0.5720546,1.96133,9.970095,null
1413811026260,0.54481393,2.002191,9.956474,null
1413811026427,0.54481393,2.0158114,9.942854,null
1413811026580,0.54481393,1.96133,9.929234,null
1413811026747,0.58567494,1.96133,9.888372,null
1413811026914,0.5992953,2.0294318,9.915613,null
1413811027081,0.54481393,1.96133,9.915613,null
1413811027234,0.5720546,2.0294318,9.874752,null
1413811027385,0.61291564,1.9477097,9.847511,null
1413811027540,0.54481393,2.002191,9.956474,null
1413811027693,0.54481393,1.9477097,9.983715,null
1413811027857,0.5720546,1.96133,9.915613,null
1413811028018,0.54481393,1.9885708,9.956474,null
1413811028171,0.55843425,1.96133,9.997335,null
1413811028330,0.50395286,1.9749504,9.929234,null
1413811028502,0.55843425,1.920469,9.901993,null
1413811028657,0.58567494,2.0566726,9.942854,null
1413811028805,0.55843425,1.9340894,9.901993,null
1413811028959,0.54481393,1.9749504,9.874752,null
1413811029110,0.55843425,1.96133,9.956474,null
1413811029264,0.54481393,1.9340894,9.956474,null
1413811029416,0.5720546,1.96133,9.970095,null
1413811029587,0.54481393,1.9068487,9.901993,null
1413811029737,0.54481393,1.920469,10.051817,null
1413811029905,0.5720546,1.9477097,9.942854,null
1413811030071,0.54481393,1.9885708,10.079058,null
1413811030227,0.55843425,1.9885708,9.983715,null
1413811030376,0.54481393,1.9477097,9.942854,null
1413811030527,0.54481393,1.9340894,9.874752,null
1413811030680,0.626536,1.96133,9.929234,null
1413811030831,0.5992953,1.96133,9.929234,null
1413811031001,0.5720546,1.9885708,9.929234,null
1413811031156,0.53119355,1.96133,9.942854,null
1413811031307,0.5720546,1.9749504,10.010956,null
1413811031463,0.58567494,2.002191,9.833891,null
1413811031616,0.51757324,1.9885708,9.929234,null
1413811031781,0.53119355,1.9749504,9.956474,null
1413811031953,0.55843425,1.8932283,9.929234,null
1413811032105,0.55843425,1.9749504,9.929234,null
1413811032255,0.6401563,1.9885708,9.997335,null
1413811032409,0.61291564,1.96133,9.942854,null
1413811032562,0.50395286,1.9477097,9.874752,null
1413811032725,0.5720546,2.0158114,10.092678,null
1413811032888,0.5720546,1.96133,9.888372,null
1413811033049,0.55843425,1.9477097,9.970095,null
1413811033201,0.50395286,1.9749504,9.970095,null
1413811033355,0.55843425,1.9477097,9.929234,null
1413811033506,0.61291564,1.9885708,9.956474,null
1413811033657,0.54481393,1.9340894,9.929234,null
1413811033827,0.5720546,1.9477097,9.888372,null
1413811033995,0.50395286,1.9340894,9.942854,null
1413811034148,0.54481393,1.920469,9.901993,null
1413811034298,0.55843425,1.8932283,9.956474,null
1413811034471,0.54481393,1.9749504,9.983715,null
1413811034627,0.54481393,1.9340894,9.956474,null
1413811034795,0.53119355,1.9068487,9.915613,null
1413811034963,0.47671217,1.9068487,9.997335,null
1413811035114,0.51757324,1.96133,9.942854,null
1413811035267,0.53119355,2.002191,9.956474,null
1413811035437,0.54481393,2.0158114,9.983715,null
1413811035587,0.6401563,1.9885708,9.956474,null
1413811035739,0.55843425,1.8387469,9.956474,null
1413811035905,0.5992953,1.9885708,9.929234,null
1413811036072,0.51757324,1.8659877,9.929234,null
1413811036227,0.6537767,1.9477097,9.942854,null
1413811036379,0.55843425,1.879608,9.901993,null
1413811036549,0.61291564,2.0566726,9.861132,null
1413811036702,0.50395286,1.9340894,9.901993,null
1413811036870,0.55843425,1.9885708,9.929234,null
1413811037033,0.54481393,1.96133,9.956474,null
1413811037186,0.53119355,1.9068487,9.970095,null
1413811037338,0.35412905,2.506144,9.41166,null
1413811037510,0.5992953,1.8387469,9.929234,null
1413811037678,0.626536,1.9885708,9.956474,null
1413811037847,0.42223078,1.9885708,9.929234,null
1413811037998,0.50395286,1.9340894,9.942854,null
1413811038159,0.626536,2.0566726,9.915613,null
1413811038316,0.53119355,1.8932283,9.956474,null
1413811038465,0.53119355,2.0566726,9.901993,null
1413811038619,0.53119355,1.8932283,9.901993,null
1413811038773,0.50395286,1.96133,9.942854,null
1413811038939,0.50395286,1.9340894,9.888372,null
1413811039108,0.54481393,1.920469,10.010956,null
1413811039259,0.5720546,1.9068487,9.942854,null
1413811039412,0.50395286,1.8659877,9.901993,null
1413811039582,0.4903325,1.96133,9.997335,null
1413811039748,0.50395286,1.9477097,9.942854,null
1413811039900,0.50395286,1.8387469,9.942854,null
1413811040051,0.6401563,2.0975335,9.997335,null
1413811040207,0.44947147,1.8387469,9.874752,null
1413811040357,0.61291564,2.0294318,9.956474,null
1413811040528,0.54481393,1.9068487,9.997335,null
1413811040681,0.54481393,1.96133,9.915613,null
1413811040848,0.54481393,1.9477097,9.820271,null
1413811041016,0.51757324,1.9340894,9.997335,null
1413811041169,0.50395286,1.9068487,9.956474,null
1413811041323,0.46309182,1.920469,9.983715,null
1413811041489,0.47671217,1.8659877,9.970095,null
1413811041660,0.54481393,1.920469,9.997335,null
1413811041813,0.54481393,1.879608,9.901993,null
1413811041979,0.50395286,1.8659877,9.901993,null
1413811042149,0.54481393,1.96133,9.970095,null
1413811042301,0.47671217,1.920469,9.997335,null
1413811042451,0.53119355,1.96133,9.997335,null
1413811042604,0.54481393,1.920469,9.997335,null
1413811042758,0.50395286,1.8387469,9.901993,null
1413811042921,0.51757324,1.9340894,9.929234,null
1413811043073,0.54481393,1.920469,9.942854,null
1413811043226,0.51757324,1.920469,9.929234,null
1413811043379,0.55843425,1.8932283,9.929234,null
1413811043527,0.55843425,1.9477097,9.970095,null
1413811043679,0.61291564,1.8932283,9.929234,null
1413811043845,0.51757324,1.9340894,10.010956,null
1413811044007,0.47671217,1.9340894,10.038197,null
1413811044160,0.51757324,1.9068487,10.079058,null
1413811044317,0.54481393,1.8659877,9.942854,null
1413811044486,0.53119355,2.0158114,10.024576,null
1413811044639,0.4903325,1.920469,9.915613,null
1413811044789,0.5992953,1.9068487,9.929234,null
1413811044956,0.50395286,1.8932283,9.901993,null
1413811045120,0.47671217,1.9477097,9.956474,null
1413811045284,0.4903325,1.9477097,9.956474,null
1413811045441,0.5720546,1.8932283,9.997335,null
1413811045595,0.43585113,2.0566726,9.861132,null
1413811045769,0.50395286,1.7978859,9.970095,null
1413811045941,0.4903325,2.0566726,9.888372,null
1413811046110,0.6401563,1.9340894,9.956474,null
1413811046262,0.46309182,1.96133,9.929234,null
1413811046425,0.50395286,1.920469,9.956474,null
1413811046578,0.54481393,1.9340894,9.915613,null
1413811046744,0.50395286,1.96133,9.901993,null
1413811046912,0.55843425,1.9068487,9.901993,null
1413811047066,0.50395286,1.96133,9.942854,null
1413811047219,0.47671217,1.8932283,9.956474,null
1413811047376,0.51757324,2.1111538,9.861132,null
1413811047530,0.50395286,1.96133,9.915613,null
1413811047685,0.53119355,1.9340894,9.929234,null
1413811047840,0.61291564,1.9340894,9.970095,null
1413811047991,0.51757324,1.9340894,10.092678,null
1413811048157,0.46309182,1.9477097,10.024576,null
1413811048313,0.51757324,1.9340894,9.929234,null
1413811048467,0.51757324,1.96133,9.970095,null
1413811048626,0.46309182,1.9340894,9.970095,null
1413811048777,0.51757324,1.8932283,9.956474,null
1413811048930,0.55843425,1.8932283,9.956474,null
1413811049096,0.5720546,1.9068487,9.956474,null
1413811049252,0.47671217,1.920469,9.942854,null
1413811049405,0.53119355,2.083913,10.038197,null
1413811049557,0.51757324,1.9068487,9.942854,null
1413811049716,0.5992953,1.96133,9.929234,null
1413811049885,0.47671217,1.96133,9.901993,null
1413811050056,0.44947147,1.8659877,10.024576,null
1413811050207,0.54481393,1.8932283,9.997335,null
1413811050358,0.51757324,1.9340894,9.942854,null
1413811050516,0.51757324,1.9068487,9.956474,null
1413811050671,0.53119355,1.8932283,9.929234,null
1413811050825,0.51757324,1.9340894,9.997335,null
1413811050981,0.54481393,1.920469,9.929234,null
1413811051148,0.54481393,1.8659877,9.983715,null
1413811051304,0.47671217,1.8932283,9.983715,null
1413811051464,0.4903325,1.920469,9.983715,null
1413811051617,0.53119355,1.879608,9.956474,null
1413811051770,0.44947147,1.9340894,9.888372,null
1413811051927,0.58567494,1.8387469,9.929234,null
1413811052093,0.53119355,1.96133,9.942854,null
1413811052259,0.47671217,1.9340894,9.997335,null
1413811052429,0.50395286,1.8387469,9.997335,null
1413811052579,0.58567494,1.8659877,9.997335,null
1413811052730,0.626536,1.7978859,10.010956,null
1413811052881,0.51757324,2.0294318,9.956474,null
1413811053046,0.50395286,1.7570249,9.997335,null
1413811053198,0.50395286,1.9477097,9.956474,null
1413811053353,0.47671217,1.920469,9.970095,null
1413811053505,0.53119355,1.920469,9.929234,null
1413811053660,0.47671217,1.8932283,9.956474,null
1413811053813,0.47671217,1.9340894,10.010956,null
1413811053964,0.4903325,1.8251266,9.997335,null
1413811054138,0.5720546,2.002191,9.956474,null
1413811054293,0.50395286,1.8659877,9.956474,null
1413811054446,0.54481393,1.9340894,9.956474,null
1413811054597,0.47671217,1.9068487,9.956474,null
1413811054753,0.54481393,1.8932283,10.010956,null
1413811054922,0.50395286,1.96133,10.010956,null
1413811055092,0.47671217,1.9068487,9.956474,null
1413811055247,0.51757324,1.9340894,9.901993,null
1413811055415,0.47671217,1.9068487,10.010956,null
1413811055568,0.5720546,1.8659877,9.997335,null
1413811055725,0.46309182,1.9068487,9.901993,null
1413811055890,0.54481393,1.8932283,9.956474,null
1413811056054,0.50395286,1.879608,9.942854,null
1413811056207,0.50395286,1.8932283,9.915613,null
1413811056356,0.53119355,1.9340894,9.956474,null
1413811056528,0.5992953,1.96133,9.861132,null
1413811056679,0.47671217,1.879608,9.929234,null
1413811056834,0.5720546,1.8251266,9.929234,null
1413811057005,0.53119355,1.96133,9.942854,null
1413811057172,0.58567494,1.7842655,9.929234,null
1413811057327,0.5992953,1.96133,9.929234,null
1413811057481,0.47671217,1.8659877,9.997335,null
1413811057637,0.54481393,1.8659877,9.970095,null
1413811057789,0.5720546,1.8932283,9.970095,null
1413811057940,0.46309182,1.9340894,9.901993,null
1413811058105,0.53119355,1.8932283,9.956474,null
1413811058263,0.54481393,2.070293,9.874752,null
1413811058417,0.44947147,1.8523673,9.901993,null
1413811058576,0.47671217,1.9340894,9.915613,null
1413811058728,0.4903325,1.8251266,9.901993,null
1413811058880,0.5720546,1.8932283,9.874752,null
1413811059033,0.51757324,1.8523673,9.983715,null
1413811059184,0.55843425,1.9068487,9.956474,null
1413811059337,0.50395286,1.920469,9.942854,null
1413811059489,0.51757324,1.9068487,9.983715,null
1413811059641,0.54481393,1.8932283,9.970095,null
1413811059792,0.5720546,1.8659877,9.956474,null
1413811059946,0.50395286,1.879608,9.942854,null
1413811060116,0.50395286,1.96133,9.888372,null
1413811060267,0.50395286,1.920469,9.956474,null
1413811060417,0.5720546,1.8932283,9.970095,null
1413811060585,0.50395286,1.8932283,9.901993,null
1413811060738,0.54481393,1.96133,9.915613,null
1413811060892,0.55843425,1.8932283,9.942854,null
1413811061056,0.50395286,1.9749504,9.901993,null
1413811061211,0.51757324,2.002191,9.956474,null
1413811061377,0.54481393,1.9885708,9.929234,null
1413811061529,0.54481393,2.0158114,9.983715,null
1413811061684,0.47671217,1.9885708,10.010956,null
1413811061857,0.50395286,1.9477097,9.997335,null
1413811062024,0.54481393,2.0430522,9.942854,null
1413811062177,0.44947147,2.0294318,9.861132,null
1413811062333,0.50395286,2.0294318,9.942854,null
1413811062486,0.55843425,1.96133,9.997335,null
1413811062636,0.54481393,2.0158114,9.888372,null
1413811062791,0.55843425,1.9340894,9.956474,null
1413811062959,0.54481393,2.070293,9.915613,null
1413811063110,0.47671217,2.0294318,9.861132,null
1413811063263,0.47671217,1.9885708,9.956474,null
1413811063418,0.5720546,2.0158114,9.915613,null
1413811063578,0.50395286,1.9477097,9.929234,null
1413811063728,0.4903325,2.0158114,9.956474,null
1413811063884,0.47671217,2.0430522,9.929234,null
1413811064053,0.4903325,2.0430522,9.901993,null
1413811064206,0.50395286,1.8932283,9.901993,null
1413811064361,0.53119355,2.0158114,9.970095,null
1413811064521,0.40861043,1.7434045,9.970095,null
1413811064680,0.53119355,2.1111538,9.983715,null
1413811064832,0.40861043,1.9885708,9.956474,null
1413811064987,0.53119355,2.002191,9.956474,null
1413811065156,0.51757324,1.9340894,9.929234,null
1413811065323,0.47671217,2.0158114,9.901993,null
1413811065478,0.50395286,1.96133,9.901993,null
1413811065629,0.44947147,1.9477097,9.929234,null
1413811065781,0.47671217,1.96133,10.024576,null
1413811065932,0.4903325,2.002191,9.929234,null
1413811066098,0.47671217,1.9885708,9.929234,null
1413811066253,0.4903325,1.9885708,9.956474,null
1413811066407,0.50395286,1.9749504,9.901993,null
1413811066559,0.50395286,2.002191,9.956474,null
1413811066712,0.44947147,1.9885708,9.915613,null
1413811066868,0.54481393,1.9749504,9.942854,null
1413811067025,0.54481393,1.9477097,9.929234,null
1413811067197,0.44947147,1.9885708,9.997335,null
1413811067349,0.47671217,2.0430522,9.929234,null
1413811067502,0.44947147,1.9885708,9.929234,null
1413811067657,0.47671217,2.0294318,9.956474,null
1413811067823,0.51757324,1.9749504,9.901993,null
1413811067990,0.51757324,1.9477097,9.929234,null
1413811068158,0.46309182,1.96133,9.915613,null
1413811068313,0.47671217,1.96133,9.956474,null
1413811068466,0.47671217,1.9749504,9.970095,null
1413811068616,0.51757324,1.9749504,9.901993,null
1413811068788,0.44947147,2.002191,9.983715,null
1413811068939,0.4903325,1.8932283,9.847511,null
1413811069103,0.47671217,1.9885708,9.997335,null
1413811069270,0.43585113,1.9749504,9.929234,null
1413811069426,0.50395286,2.002191,9.901993,null
1413811069577,0.44947147,2.0158114,9.901993,null
1413811069727,0.50395286,1.9068487,9.915613,null
1413811069879,0.53119355,1.9885708,9.929234,null
1413811070038,0.44947147,1.9340894,9.983715,null
1413811070190,0.53119355,1.8932283,9.901993,null
1413811070343,0.4903325,1.9885708,9.970095,null
1413811070496,0.42223078,1.920469,9.929234,null
1413811070651,0.54481393,1.9749504,9.915613,null
1413811070804,0.44947147,1.8659877,9.901993,null
1413811070972,0.46309182,1.920469,9.956474,null
1413811071127,0.40861043,1.8932283,9.956474,null
1413811071282,0.46309182,2.002191,10.010956,null
1413811071433,0.42223078,1.9749504,9.929234,null
1413811071585,0.54481393,2.0158114,9.997335,null
1413811071738,0.46309182,1.9885708,9.983715,null
1413811071891,0.44947147,1.96133,9.929234,null
1413811072052,0.47671217,2.0294318,9.874752,null
1413811072219,0.44947147,1.96133,9.901993,null
1413811072390,0.4903325,2.070293,9.970095,null
1413811072547,0.44947147,1.9068487,9.929234,null
1413811072696,0.44947147,2.1111538,9.888372,null
1413811072849,0.42223078,2.002191,9.942854,null
1413811073019,0.47671217,2.083913,9.820271,null
1413811073187,0.44947147,2.002191,9.915613,null
1413811073337,0.44947147,1.9885708,9.956474,null
1413811073508,0.50395286,2.0294318,9.956474,null
1413811073660,0.44947147,1.9885708,9.861132,null
1413811073831,0.47671217,2.002191,9.861132,null
1413811074007,0.46309182,1.9885708,9.929234,null
1413811074149,0.44947147,2.0158114,9.847511,null
1413811074309,0.44947147,2.002191,9.956474,null
1413811074473,0.50395286,2.0566726,9.915613,null
1413811074643,0.44947147,1.96133,9.929234,null
1413811074794,0.44947147,2.0294318,9.942854,null
1413811074947,0.40861043,1.9340894,10.010956,null
1413811075103,0.4903325,1.9749504,9.942854,null
1413811075273,0.44947147,2.0294318,9.956474,null
1413811075426,0.46309182,2.0566726,9.997335,null
1413811075578,0.42223078,2.0158114,9.861132,null
1413811075731,0.46309182,2.0294318,9.997335,null
1413811075892,0.44947147,2.0566726,10.010956,null
1413811076066,0.44947147,1.9885708,9.901993,null
1413811076230,0.50395286,2.0294318,9.956474,null
1413811076395,0.44947147,2.0294318,9.915613,null
1413811076562,0.4903325,2.0158114,9.997335,null
1413811076719,0.47671217,2.0566726,9.861132,null
1413811076874,0.44947147,2.002191,9.929234,null
1413811077027,0.44947147,2.0566726,9.901993,null
1413811077198,0.46309182,2.0294318,9.970095,null
1413811077353,0.51757324,2.0158114,9.929234,null
1413811077506,0.44947147,2.0430522,9.929234,null
1413811077659,0.40861043,2.0430522,9.888372,null
1413811077814,0.50395286,2.070293,9.901993,null
1413811077967,0.44947147,2.0294318,9.874752,null
1413811078133,0.40861043,2.0430522,9.929234,null
1413811078307,0.3949901,2.1383946,9.901993,null
1413811078458,0.40861043,2.0430522,9.970095,null
1413811078613,0.43585113,1.96133,9.929234,null
1413811078765,0.38136974,2.0430522,9.929234,null
1413811078920,0.51757324,2.0158114,9.929234,null
1413811079114,0.3949901,1.9340894,9.901993,null
1413811079258,0.44947147,1.9885708,9.929234,null
1413811079417,0.47671217,1.879608,9.901993,null
1413811079572,0.54481393,1.9749504,9.915613,null
1413811079727,0.40861043,1.8387469,9.983715,null
1413811079882,0.53119355,1.920469,9.929234,null
1413811080033,0.40861043,1.8932283,9.888372,null
1413811080193,0.44947147,1.96133,9.942854,null
1413811080346,0.44947147,1.8932283,9.901993,null
1413811080502,0.46309182,1.920469,9.901993,null
1413811080653,0.43585113,1.8387469,9.929234,null
1413811080805,0.4903325,1.9885708,9.956474,null
1413811080960,0.40861043,1.8387469,9.915613,null
1413811081115,0.4903325,2.002191,9.997335,null
1413811081287,0.47671217,1.8659877,9.997335,null
1413811081457,0.44947147,1.9477097,10.010956,null
1413811081627,0.42223078,1.8387469,9.956474,null
1413811081778,0.44947147,1.8251266,9.942854,null
1413811081931,0.44947147,1.8932283,9.901993,null
1413811082084,0.40861043,1.9340894,9.956474,null
1413811082252,0.38136974,1.8523673,9.956474,null
1413811082405,0.44947147,1.920469,9.983715,null
1413811082557,0.50395286,2.0294318,9.956474,null
1413811082708,0.3677494,1.7978859,9.942854,null
1413811082864,0.58567494,2.0294318,9.956474,null
1413811083014,0.3677494,1.8387469,9.942854,null
1413811083177,0.47671217,1.9885708,9.970095,null
1413811083330,0.42223078,1.8387469,9.956474,null
1413811083483,0.47671217,1.8932283,9.970095,null
1413811083639,0.43585113,1.8659877,9.956474,null
1413811083790,0.44947147,1.9068487,10.010956,null
1413811083958,0.44947147,1.9068487,9.942854,null
1413811084128,0.47671217,1.8659877,9.970095,null
1413811084281,0.47671217,1.9068487,9.956474,null
1413811084433,0.40861043,1.8659877,9.915613,null
1413811084587,0.47671217,1.8932283,9.956474,null
1413811084749,0.44947147,1.8387469,9.956474,null
1413811084917,0.44947147,1.9068487,9.929234,null
1413811085068,0.42223078,1.8659877,10.010956,null
1413811085233,0.40861043,1.8659877,9.970095,null
1413811085389,0.47671217,1.9068487,9.983715,null
1413811085557,0.40861043,1.879608,9.942854,null
1413811085712,0.50395286,1.920469,9.915613,null
1413811085866,0.40861043,1.9068487,9.997335,null
1413811086018,0.43585113,1.879608,9.956474,null
1413811086185,0.3677494,1.8932283,9.901993,null
1413811086336,0.47671217,1.9340894,9.942854,null
1413811086489,0.44947147,1.8659877,9.997335,null
1413811086640,0.51757324,1.879608,9.915613,null
1413811086793,0.38136974,1.8932283,9.983715,null
1413811086946,0.42223078,1.9749504,9.956474,null
1413811087114,0.3949901,1.8932283,9.956474,null
1413811087278,0.313268,1.9340894,9.956474,null
1413811087429,0.46309182,1.879608,9.997335,null
1413811087599,0.44947147,1.9340894,9.942854,null
1413811087771,0.3677494,1.9340894,9.929234,null
1413811087927,0.40861043,1.920469,9.997335,null
1413811088079,0.38136974,1.9340894,9.901993,null
1413811088243,0.42223078,1.8251266,9.929234,null
1413811088395,0.38136974,1.920469,9.956474,null
1413811088548,0.3405087,1.9068487,9.997335,null
1413811088710,0.43585113,1.8659877,9.942854,null
1413811088856,0.3405087,1.920469,9.929234,null
1413811089028,0.3677494,1.8659877,9.929234,null
1413811089178,0.38136974,1.8932283,9.997335,null
1413811089350,0.32688835,1.9340894,9.901993,null
1413811089519,0.35412905,1.8387469,10.038197,null
1413811089672,0.35412905,1.96133,9.983715,null
1413811089844,0.42223078,1.8251266,9.983715,null
1413811090008,0.3405087,1.9477097,9.929234,null
1413811090169,0.313268,1.9340894,9.942854,null
1413811090330,0.3677494,1.879608,9.956474,null
1413811090491,0.3677494,1.8932283,9.956474,null
1413811090656,0.35412905,1.8659877,9.929234,null
1413811090827,0.313268,1.9340894,9.942854,null
1413811090989,0.40861043,1.8523673,9.929234,null
1413811091150,0.38136974,1.96133,9.901993,null
1413811091313,0.43585113,1.6344417,9.942854,null
1413811091474,0.313268,2.083913,9.847511,null
1413811091635,0.3677494,1.7706453,9.956474,null
1413811091800,0.38136974,1.8115063,9.997335,null
1413811091962,0.24516626,1.9885708,9.929234,null
1413811092123,0.3677494,1.8387469,9.997335,null
1413811092290,0.3405087,1.8251266,9.901993,null
1413811092443,0.12258313,1.9749504,9.929234,null
1413811092594,0.40861043,1.8251266,9.929234,null
1413811092746,0.313268,1.920469,9.929234,null
1413811092901,0.38136974,1.7978859,10.038197,null
1413811093054,0.2860273,1.8387469,10.010956,null
1413811093209,0.3949901,1.7434045,10.024576,null
1413811093368,0.35412905,1.920469,9.942854,null
1413811093523,0.32688835,1.8115063,9.929234,null
1413811093679,0.313268,1.7842655,9.997335,null
1413811093837,0.38136974,1.8251266,9.983715,null
1413811093992,0.35412905,1.8251266,9.956474,null
1413811094147,0.3677494,1.920469,9.983715,null
1413811094299,0.313268,1.7434045,9.915613,null
1413811094453,0.38136974,1.9340894,9.942854,null
1413811094609,0.3405087,1.8659877,9.956474,null
1413811094773,0.35412905,1.8523673,9.956474,null
1413811094948,0.3677494,1.7706453,9.942854,null
1413811095102,0.35412905,1.879608,9.956474,null
1413811095258,0.38136974,1.8659877,9.956474,null
1413811095412,0.2860273,1.8523673,9.929234,null
1413811095567,0.3677494,1.879608,10.038197,null
1413811095718,0.32688835,1.8387469,9.942854,null
1413811095874,0.38136974,1.8523673,9.956474,null
1413811096026,0.2860273,1.8387469,9.929234,null
1413811096195,0.313268,1.8387469,9.997335,null
1413811096347,0.38136974,1.7842655,9.983715,null
1413811096497,0.29964766,1.8387469,9.983715,null
1413811096648,0.35412905,1.8251266,10.024576,null
1413811096801,0.35412905,1.7978859,9.929234,null
1413811096957,0.3677494,1.879608,9.942854,null
1413811097110,0.35412905,1.879608,9.956474,null
1413811097275,0.35412905,1.8387469,9.997335,null
1413811097444,0.313268,1.8115063,10.024576,null
1413811097617,0.38136974,1.8659877,9.970095,null
1413811097788,0.25878662,1.8387469,9.997335,null
1413811097959,0.3949901,1.7706453,9.956474,null
1413811098112,0.40861043,1.8387469,9.983715,null
1413811098281,0.35412905,1.8387469,9.929234,null
1413811098450,0.32688835,1.9477097,10.065437,null
1413811098603,0.3677494,1.7434045,10.024576,null
1413811098756,0.38136974,1.8251266,9.929234,null
1413811098925,0.2860273,1.7978859,9.956474,null
1413811099079,0.313268,1.8932283,9.942854,null
1413811099253,0.3677494,1.8387469,9.942854,null
1413811099406,0.3405087,1.8115063,9.997335,null
1413811099558,0.35412905,1.8932283,9.929234,null
1413811099728,0.32688835,1.8659877,9.956474,null
1413811099884,0.35412905,1.8251266,10.051817,null
1413811100036,0.38136974,1.8523673,9.956474,null
1413811100190,0.29964766,1.8523673,9.929234,null
1413811100358,0.35412905,1.8523673,9.970095,null
1413811100513,0.3677494,1.8659877,9.956474,null
1413811100666,0.313268,1.8387469,9.983715,null
1413811100821,0.32688835,1.8387469,9.997335,null
1413811100978,0.35412905,1.8387469,9.983715,null
1413811101150,0.313268,1.8387469,9.956474,null
1413811101317,0.29964766,1.8115063,10.038197,null
1413811101473,0.313268,1.8523673,9.956474,null
1413811101647,0.35412905,1.7842655,9.970095,null
1413811101799,0.3405087,1.8387469,9.997335,null
1413811101958,0.24516626,1.7706453,10.024576,null
1413811102130,0.2860273,1.8251266,10.051817,null
1413811102282,0.313268,1.8659877,9.929234,null
1413811102437,0.40861043,1.6753027,10.051817,null
1413811102604,0.313268,1.7434045,9.997335,null
1413811102763,0.27240697,1.8251266,9.983715,null
1413811102918,0.313268,1.7570249,9.956474,null
1413811103080,0.3949901,1.607201,10.024576,null
1413811103233,0.35412905,1.7978859,10.092678,null
1413811103385,0.27240697,1.7297841,9.861132,null
1413811103557,0.51757324,1.6208214,10.051817,null
1413811103728,0.29964766,1.6889231,9.929234,null
1413811103887,0.19068487,1.4709976,10.61025,null
1413811104041,0.19068487,1.7025435,9.765789,null
1413811104198,0.40861043,1.4573772,10.133538,null
1413811104353,0.35412905,1.56634,9.861132,null
1413811104506,0.50395286,1.5799603,9.970095,null
1413811104658,0.40861043,1.607201,10.092678,null
1413811104826,0.43585113,1.525479,9.901993,null
1413811104977,0.3949901,1.5118586,9.970095,null
1413811105133,0.35412905,1.6753027,10.024576,null
1413811105299,0.3405087,1.4709976,10.065437,null
1413811105452,0.3677494,1.5390993,10.133538,null
1413811105623,0.38136974,1.5799603,9.847511,null
1413811105773,0.19068487,1.4437568,10.283362,null
1413811105926,0.20430522,1.5390993,10.092678,null
1413811106077,0.24516626,1.7297841,9.915613,null
1413811106238,0.24516626,1.5935807,10.010956,null
1413811106406,0.20430522,1.5118586,10.038197,null
1413811106558,0.05448139,1.5390993,10.065437,null
1413811106713,0.21792556,1.525479,10.010956,null
1413811106869,0.12258313,1.525479,10.051817,null
1413811107022,0.20430522,1.484618,10.119919,null
1413811107176,0.17706452,1.5527196,9.970095,null
1413811107340,0.20430522,1.5390993,9.997335,null
1413811107493,0.12258313,1.5799603,10.092678,null
1413811107664,0.20430522,1.4437568,10.079058,null
1413811107817,0.14982383,1.5799603,10.079058,null
1413811107972,0.19068487,1.4437568,10.010956,null
1413811108135,0.19068487,1.5118586,9.997335,null
1413811108311,0.14982383,1.5390993,10.065437,null
1413811108471,0.19068487,1.5390993,10.079058,null
1413811108644,0.16344418,1.525479,10.092678,null
1413811108814,0.16344418,1.56634,10.010956,null
1413811108966,0.14982383,1.5118586,10.079058,null
1413811109124,0.17706452,1.56634,9.970095,null
1413811109279,0.14982383,1.4709976,10.092678,null
1413811109435,0.10896278,1.5799603,9.983715,null
1413811109592,0.13620348,1.5390993,10.038197,null
1413811109747,0.14982383,1.5390993,10.065437,null
1413811109899,0.20430522,1.5390993,10.024576,null
1413811110052,0.17706452,1.56634,10.024576,null
1413811110206,0.17706452,1.5118586,10.038197,null
1413811110360,0.14982383,1.5390993,10.024576,null
1413811110518,0.16344418,1.484618,10.010956,null
1413811110672,0.20430522,1.484618,9.983715,null
1413811110825,0.14982383,1.5118586,10.051817,null
1413811110983,0.17706452,1.484618,9.983715,null
1413811111136,0.19068487,1.525479,10.010956,null
1413811111289,0.14982383,1.5118586,10.119919,null
1413811111443,0.12258313,1.5390993,10.065437,null
1413811111596,0.14982383,1.4709976,10.092678,null
1413811111748,0.19068487,1.4982382,10.079058,null
1413811111907,0.20430522,1.5118586,10.010956,null
1413811112058,0.17706452,1.5118586,10.024576,null
1413811112213,0.24516626,1.5118586,10.010956,null
1413811112370,0.19068487,1.484618,10.010956,null
1413811112524,0.14982383,1.5527196,10.051817,null
1413811112679,0.16344418,1.5118586,10.038197,null
1413811112838,0.16344418,1.5118586,9.983715,null
1413811112992,0.21792556,1.484618,10.051817,null
1413811113146,0.19068487,1.525479,10.024576,null
1413811113300,0.14982383,1.525479,10.119919,null
1413811113456,0.16344418,1.5118586,10.092678,null
1413811113612,0.19068487,1.4982382,10.051817,null
1413811113768,0.14982383,1.5390993,10.065437,null
1413811113923,0.13620348,1.5118586,10.065437,null
1413811114096,0.14982383,1.4982382,10.065437,null
1413811114247,0.19068487,1.5390993,10.024576,null
1413811114418,0.17706452,1.5799603,10.051817,null
1413811114584,0.21792556,1.5527196,10.038197,null
1413811114738,0.19068487,1.484618,10.010956,null
1413811114893,0.19068487,1.5118586,9.983715,null
1413811115046,0.19068487,1.484618,10.051817,null
1413811115201,0.17706452,1.5527196,10.051817,null
1413811115369,0.21792556,1.4982382,10.051817,null
1413811115527,0.21792556,1.5527196,10.079058,null
1413811115676,0.14982383,1.5118586,10.051817,null
1413811115844,0.14982383,1.5118586,9.942854,null
1413811116000,0.19068487,1.525479,10.010956,null
1413811116153,0.16344418,1.4982382,10.092678,null
1413811116309,0.14982383,1.484618,10.092678,null
1413811116476,0.14982383,1.4709976,10.051817,null
1413811116626,0.16344418,1.4982382,10.079058,null
1413811116782,0.21792556,1.5118586,9.983715,null
1413811116934,0.14982383,1.5118586,10.010956,null
1413811117088,0.19068487,1.5118586,10.051817,null
1413811117241,0.19068487,1.4437568,10.051817,null
1413811117403,0.21792556,1.4982382,10.010956,null
1413811117566,0.19068487,1.4982382,10.065437,null
1413811117717,0.23154591,1.5527196,10.051817,null
1413811117886,0.14982383,1.5118586,10.051817,null
1413811118041,0.19068487,1.525479,10.024576,null
1413811118213,0.21792556,1.5118586,10.024576,null
1413811118366,0.14982383,1.4982382,10.024576,null
1413811118537,0.14982383,1.484618,9.983715,null
1413811118688,0.21792556,1.5118586,9.997335,null
1413811118840,0.19068487,1.5118586,9.997335,null
1413811118993,0.19068487,1.4301366,10.010956,null
1413811119143,0.23154591,1.5118586,10.024576,null
1413811119294,0.13620348,1.4982382,10.092678,null
1413811119466,0.17706452,1.4982382,9.997335,null
1413811119628,0.14982383,1.4709976,10.024576,null
1413811119784,0.19068487,1.4982382,10.051817,null
1413811119937,0.14982383,1.5118586,10.024576,null
1413811120092,0.19068487,1.4982382,10.051817,null
1413811120243,0.23154591,1.4982382,10.051817,null
1413811120395,0.21792556,1.484618,9.997335,null
1413811120566,0.19068487,1.4709976,10.038197,null
1413811120739,0.12258313,1.4437568,10.051817,null
1413811120894,0.14982383,1.4709976,10.051817,null
1413811121046,0.19068487,1.4573772,10.038197,null
1413811121204,0.19068487,1.4982382,10.051817,null
1413811121354,0.14982383,1.5118586,10.024576,null
1413811121508,0.19068487,1.484618,10.051817,null
1413811121661,0.13620348,1.4709976,10.051817,null
1413811121813,0.12258313,1.4709976,10.051817,null
1413811121966,0.24516626,1.3756552,10.092678,null
1413811122117,0.13620348,1.484618,9.956474,null
1413811122273,0.21792556,1.5118586,10.065437,null
1413811122438,0.095342435,1.5799603,9.997335,null
1413811122592,0.19068487,1.5118586,9.983715,null
1413811122747,0.17706452,1.4709976,10.106298,null
1413811122906,0.19068487,1.5799603,10.024576,null
1413811123057,0.12258313,1.5799603,10.051817,null
1413811123213,0.17706452,1.56634,10.010956,null
1413811123369,0.14982383,1.5118586,10.092678,null
1413811123523,0.313268,1.525479,9.997335,null
1413811123679,0.095342435,1.4028958,10.010956,null
1413811123850,0.16344418,1.4709976,9.997335,null
1413811124003,0.095342435,1.607201,10.065437,null
1413811124158,0.21792556,1.4165162,10.024576,null
1413811124313,0.20430522,1.5118586,10.024576,null
1413811124465,0.12258313,1.5935807,10.024576,null
1413811124623,0.14982383,1.3484144,10.051817,null
1413811124775,0.20430522,1.6480621,9.915613,null
1413811124933,0.12258313,1.4709976,10.051817,null
1413811125103,0.313268,1.4709976,10.010956,null
1413811125255,0.12258313,1.607201,9.929234,null
1413811125408,0.095342435,1.56634,10.024576,null
1413811125560,0.25878662,1.4573772,10.024576,null
1413811125731,0.20430522,1.5390993,10.106298,null
1413811125884,0.16344418,1.4709976,9.997335,null
1413811126034,0.19068487,1.3484144,10.092678,null
1413811126185,0.20430522,1.4709976,10.051817,null
1413811126336,0.27240697,1.4028958,10.038197,null
1413811126542,0.24516626,1.4028958,10.106298,null
1413811126698,0.24516626,1.4165162,10.051817,null
1413811126853,0.2860273,1.4028958,10.024576,null
1413811127006,0.24516626,1.3756552,10.065437,null
1413811127166,0.24516626,1.3756552,10.051817,null
1413811127331,0.3677494,1.3484144,10.024576,null
1413811127499,0.20430522,1.4709976,10.051817,null
1413811127650,0.13620348,1.4437568,10.038197,null
1413811127807,0.16344418,1.4709976,10.079058,null
1413811127960,0.24516626,1.3756552,10.106298,null
1413811128115,0.17706452,1.4165162,10.051817,null
1413811128274,0.21792556,1.5118586,10.024576,null
1413811128426,0.21792556,1.4301366,10.092678,null
1413811128578,0.16344418,1.4165162,10.024576,null
1413811128736,0.23154591,1.334794,10.051817,null
1413811128893,0.14982383,1.3892754,10.147159,null
1413811129103,0.10896278,1.4437568,10.038197,null
1413811129263,0.14982383,1.4709976,10.092678,null
1413811129413,0.21792556,1.3756552,10.051817,null
1413811129583,0.17706452,1.3756552,10.065437,null
1413811129738,0.21792556,1.3892754,10.024576,null
1413811129890,0.25878662,1.4165162,10.038197,null
1413811130046,0.21792556,1.3756552,10.024576,null
1413811130198,0.19068487,1.4709976,10.133538,null
1413811130353,0.21792556,1.4165162,10.051817,null
1413811130510,0.27240697,1.4165162,10.024576,null
1413811130667,0.20430522,1.4573772,10.092678,null
1413811130818,0.24516626,1.4437568,9.983715,null
1413811130974,0.16344418,1.3892754,10.092678,null
1413811131127,0.24516626,1.4028958,10.079058,null
1413811131300,0.23154591,1.3892754,10.038197,null
1413811131468,0.21792556,1.3620348,10.079058,null
1413811131631,0.20430522,1.4028958,10.010956,null
1413811131785,0.2860273,1.4301366,9.997335,null
1413811131941,0.24516626,1.4165162,10.065437,null
1413811132094,0.29964766,1.4028958,10.079058,null
1413811132247,0.19068487,1.3892754,10.079058,null
1413811132404,0.2860273,1.4165162,10.024576,null
1413811132567,0.19068487,1.4165162,10.106298,null
1413811132721,0.27240697,1.4028958,10.038197,null
1413811132875,0.24516626,1.4165162,10.051817,null
1413811133033,0.24516626,1.3892754,10.038197,null
1413811133186,0.24516626,1.4028958,9.997335,null
1413811133344,0.2860273,1.3756552,10.092678,null
1413811133499,0.25878662,1.4301366,9.997335,null
1413811133658,0.2860273,1.4437568,10.051817,null
1413811133809,0.24516626,1.3892754,10.106298,null
1413811133968,0.24516626,1.4165162,10.092678,null
1413811134139,0.27240697,1.4437568,10.092678,null
1413811134297,0.19068487,1.3756552,10.079058,null
1413811134468,0.25878662,1.4165162,10.038197,null
1413811134636,0.16344418,1.4028958,10.079058,null
1413811134796,0.21792556,1.484618,10.147159,null
1413811134948,0.23154591,1.3756552,10.024576,null
1413811135101,0.14982383,1.607201,10.010956,null
1413811135257,0.14982383,1.4709976,10.079058,null
1413811135408,0.13620348,1.525479,9.956474,null
1413811135561,0.05448139,1.5390993,9.970095,null
1413811135716,0.25878662,1.4709976,10.051817,null
1413811135874,0.16344418,1.3892754,10.147159,null
1413811136029,0.14982383,1.3620348,10.051817,null
1413811136186,0.35412905,1.3484144,9.997335,null
1413811136338,0.24516626,1.3075534,10.024576,null
1413811136488,0.19068487,1.334794,10.024576,null
1413811136662,0.20430522,1.2666923,10.051817,null
1413811136816,0.19068487,1.2666923,10.024576,null
1413811136977,0.12258313,1.2803127,10.079058,null
1413811137127,0.19068487,1.253072,10.051817,null
1413811137286,0.21792556,1.2803127,10.119919,null
1413811137458,0.24516626,1.2122109,10.119919,null
1413811137631,0.25878662,1.1985906,10.092678,null
1413811137786,0.14982383,1.1985906,10.065437,null
1413811137947,0.2860273,1.2666923,10.051817,null
1413811138097,0.21792556,1.2666923,10.051817,null
1413811138249,0.20430522,1.2394516,10.079058,null
1413811138407,0.27240697,1.2258313,10.092678,null
1413811138557,0.05448139,1.1849703,9.956474,null
1413811138726,0.38136974,1.1577295,10.092678,null
1413811138878,0.19068487,1.3075534,10.051817,null
1413811139037,0.10896278,1.2803127,10.038197,null
1413811139189,0.14982383,1.3211738,9.997335,null
1413811139344,0.19068487,1.2666923,10.038197,null
1413811139502,0.06810174,1.2666923,10.051817,null
1413811139654,0.17706452,1.2394516,10.106298,null
1413811139828,0.12258313,1.2666923,10.106298,null
1413811139979,0.12258313,1.2666923,10.024576,null
1413811140148,0.21792556,1.2803127,10.065437,null
1413811140318,0.12258313,1.2394516,10.092678,null
1413811140476,0.17706452,1.2258313,10.119919,null
1413811140646,0.2860273,1.3075534,10.079058,null
1413811140796,0.13620348,1.253072,10.065437,null
1413811140952,0.24516626,1.2394516,10.065437,null
1413811141106,0.17706452,1.253072,10.051817,null
1413811141257,0.14982383,1.2258313,10.051817,null
1413811141411,0.14982383,1.253072,10.092678,null
1413811141596,0.21792556,1.253072,10.024576,null
1413811141756,0.14982383,1.2258313,10.024576,null
1413811141907,0.27240697,1.2258313,10.119919,null
1413811142060,0.14982383,1.253072,10.092678,null
1413811142217,0.24516626,1.2394516,10.092678,null
1413811142368,0.17706452,1.2394516,10.119919,null
1413811142538,0.14982383,1.1713499,10.092678,null
1413811142691,0.14982383,1.2394516,10.133538,null
1413811142847,0.20430522,1.2394516,10.065437,null
1413811142999,0.20430522,1.2258313,10.051817,null
1413811143150,0.16344418,1.2258313,10.092678,null
1413811143307,0.14982383,1.3075534,10.051817,null
1413811143457,0.19068487,1.2258313,10.092678,null
1413811143609,0.21792556,1.2258313,10.119919,null
1413811143766,0.13620348,1.2803127,10.092678,null
1413811143918,0.21792556,1.2122109,10.092678,null
1413811144071,0.20430522,1.2258313,10.051817,null
1413811144240,0.23154591,1.2394516,10.119919,null
1413811144390,0.19068487,1.2122109,10.092678,null
1413811144544,0.20430522,1.2258313,10.106298,null
1413811144696,0.16344418,1.2258313,10.119919,null
1413811144855,0.19068487,1.2666923,10.051817,null
1413811145028,0.25878662,1.253072,9.997335,null
1413811145189,0.17706452,1.253072,10.051817,null
1413811145343,0.19068487,1.2666923,10.051817,null
1413811145497,0.16344418,1.2258313,10.092678,null
1413811145663,0.21792556,1.2394516,10.18802,null
1413811145837,0.14982383,1.3211738,10.079058,null
1413811145989,0.06810174,1.1713499,10.024576,null
1413811146157,0.313268,1.1849703,10.133538,null
1413811146310,0.12258313,1.0623871,10.119919,null
1413811146462,0.32688835,1.334794,10.051817,null
1413811146616,0.16344418,1.2122109,10.051817,null
1413811146783,0.27240697,1.1304889,10.160779,null
1413811146936,0.2860273,0.92618364,9.997335,null
1413811147090,0.14982383,1.1849703,10.079058,null
1413811147246,0.08172209,1.4165162,10.051817,null
1413811147396,-0.027240695,1.5527196,10.051817,null
1413811147552,0.027240695,1.2803127,10.147159,null
1413811147727,0.05448139,1.3484144,10.079058,null
1413811147895,0.05448139,1.4709976,10.119919,null
1413811148049,0.13620348,1.5390993,9.983715,null
1413811148202,-0.027240695,1.3211738,10.024576,null
1413811148372,0.14982383,1.4165162,10.051817,null
1413811148522,-0.05448139,1.525479,10.051817,null
1413811148684,0.06810174,1.3756552,10.024576,null
1413811148837,-0.05448139,1.607201,9.929234,null
1413811148988,0.040861044,1.4437568,10.024576,null
1413811149139,0.013620348,1.5390993,10.024576,null
1413811149292,0.027240695,1.3484144,9.997335,null
1413811149446,-0.013620348,1.7161638,9.997335,null
1413811149607,0.040861044,1.56634,10.079058,null
1413811149775,0.027240695,1.7161638,10.024576,null
1413811149937,-0.027240695,1.607201,10.010956,null
1413811150098,-0.05448139,1.4709976,9.983715,null
1413811150260,-0.027240695,1.7978859,10.051817,null
1413811150428,0.027240695,1.334794,10.092678,null
1413811150584,-0.05448139,1.7161638,9.983715,null
1413811150750,-0.05448139,1.4709976,10.010956,null
1413811150907,-0.05448139,1.6344417,10.079058,null
1413811151056,-0.06810174,1.5799603,10.024576,null
1413811151211,-0.08172209,1.484618,10.024576,null
1413811151362,-0.06810174,1.5799603,10.024576,null
1413811151536,-0.06810174,1.5118586,9.983715,null
1413811151696,-0.05448139,1.7025435,9.983715,null
1413811151849,-0.05448139,1.56634,10.024576,null
1413811152004,-0.05448139,1.6344417,9.983715,null
1413811152159,-0.027240695,1.6753027,9.997335,null
1413811152312,0.027240695,1.6480621,9.929234,null
1413811152492,-0.027240695,1.4709976,9.997335,null
1413811152652,-0.05448139,1.6208214,9.929234,null
1413811152827,-0.05448139,1.5799603,9.997335,null
1413811152998,-0.027240695,1.607201,9.970095,null
1413811153169,-0.027240695,1.5799603,10.038197,null
1413811153321,-0.05448139,1.5799603,10.024576,null
1413811153478,-0.13620348,1.5390993,9.956474,null
1413811153644,-0.10896278,1.4709976,10.051817,null
1413811153797,0.027240695,1.6753027,10.051817,null
1413811153946,-0.05448139,1.56634,9.956474,null
1413811154100,0.06810174,1.5390993,9.997335,null
1413811154271,-0.05448139,1.5118586,10.092678,null
1413811154426,-0.040861044,1.4709976,9.956474,null
1413811154579,0.013620348,1.7161638,9.929234,null
1413811154728,-0.08172209,1.6753027,10.038197,null
1413811154889,0.05448139,1.4709976,10.051817,null
1413811155046,-0.013620348,1.6616824,9.997335,null
1413811155200,0.05448139,1.5118586,9.942854,null
1413811155357,-0.013620348,1.6480621,10.038197,null
1413811155508,-0.027240695,1.56634,9.997335,null
1413811155660,0.013620348,1.4982382,10.065437,null
1413811155811,0.027240695,1.6480621,10.024576,null
1413811155968,-0.12258313,1.4709976,10.065437,null
1413811156138,0.19068487,1.7706453,9.901993,null
1413811156293,-0.027240695,1.3075534,9.983715,null
1413811156446,0.013620348,1.7434045,9.956474,null
1413811156600,-0.013620348,1.56634,9.983715,null
1413811156767,-0.095342435,1.3484144,10.024576,null
1413811156932,0.013620348,1.7978859,9.997335,null
1413811157089,-0.05448139,1.4709976,9.970095,null
1413811157246,-0.10896278,1.8387469,9.929234,null
1413811157395,0.06810174,1.6480621,10.174399,null
1413811157550,-0.21792556,1.5799603,10.010956,null
1413811157716,0.16344418,1.4437568,10.051817,null
1413811157880,-0.05448139,1.6889231,9.80665,null
1413811158037,-0.027240695,1.3211738,10.20164,null
1413811158189,-0.16344418,1.4982382,9.820271,null
1413811158346,-0.43585113,1.4301366,9.847511,null
1413811158496,-0.61291564,1.0215261,10.800936,null
1413811158661,-0.35412905,1.484618,9.956474,null
1413811158825,-0.20430522,1.525479,9.915613,null
1413811158986,-0.25878662,1.3892754,10.051817,null
1413811159157,-0.29964766,1.4982382,9.983715,null
1413811159311,-0.20430522,1.5118586,9.929234,null
1413811159467,-0.17706452,1.4165162,9.983715,null
1413811159617,-0.3677494,1.7706453,9.997335,null
1413811159788,-0.12258313,1.2258313,10.010956,null
1413811159959,-0.17706452,1.9340894,9.929234,null
1413811160117,-0.17706452,1.5799603,9.80665,null
1413811160267,-0.013620348,1.7706453,9.901993,null
1413811160419,-0.43585113,1.5935807,9.942854,null
1413811160606,0.027240695,1.6753027,9.929234,null
1413811160763,-0.19068487,1.607201,9.888372,null
1413811160916,-0.19068487,1.6208214,10.038197,null
1413811161071,-0.2860273,1.7161638,9.956474,null
1413811161228,-0.19068487,1.56634,9.942854,null
1413811161378,-0.21792556,1.7297841,9.942854,null
1413811161530,-0.027240695,1.4709976,10.051817,null
1413811161699,-0.19068487,1.5799603,9.80665,null
1413811161870,-0.10896278,1.8659877,9.80665,null
1413811162023,-0.19068487,1.8115063,9.901993,null
1413811162177,-0.06810174,1.7161638,9.942854,null
1413811162329,-0.13620348,1.7978859,9.901993,null
1413811162486,-0.17706452,1.7706453,9.915613,null
1413811162640,-0.14982383,1.8387469,9.901993,null
1413811162817,-0.19068487,1.7025435,9.929234,null
1413811162961,-0.20430522,1.8251266,9.983715,null
1413811163118,-0.12258313,1.7025435,9.956474,null
1413811163274,-0.17706452,1.8251266,9.929234,null
1413811163426,-0.16344418,1.7570249,9.970095,null
1413811163582,-0.20430522,1.7978859,9.956474,null
1413811163749,-0.23154591,1.5118586,10.051817,null
1413811163919,-0.095342435,1.9885708,9.874752,null
1413811164072,-0.27240697,1.6616824,9.861132,null
1413811164227,-0.14982383,1.6753027,10.092678,null
1413811164382,-0.21792556,1.484618,9.983715,null
1413811164556,-0.21792556,1.7025435,9.956474,null
1413811164727,-0.06810174,1.6344417,9.997335,null
1413811164875,-0.2860273,1.7570249,9.847511,null
1413811165027,-0.08172209,1.6753027,9.915613,null
1413811165181,-0.27240697,1.5118586,10.038197,null
1413811165336,-0.027240695,1.7434045,9.997335,null
1413811165488,-0.14982383,1.5527196,9.956474,null
1413811165658,-0.05448139,1.6753027,10.079058,null
1413811165825,-0.095342435,1.5935807,10.065437,null
1413811165976,-0.095342435,1.5527196,9.997335,null
1413811166132,-0.06810174,1.607201,9.970095,null
1413811166286,-0.05448139,1.5935807,10.024576,null
1413811166435,-0.10896278,1.6616824,9.956474,null
1413811166588,-0.12258313,1.607201,9.956474,null
1413811166743,-0.05448139,1.56634,9.997335,null
1413811166897,-0.08172209,1.607201,9.997335,null
1413811167049,-0.10896278,1.607201,9.942854,null
1413811167206,-0.12258313,1.5799603,10.010956,null
1413811167356,-0.095342435,1.5799603,9.929234,null
1413811167508,-0.17706452,1.6208214,10.024576,null
1413811167667,-0.08172209,1.5935807,9.997335,null
1413811167837,-0.05448139,1.5799603,9.956474,null
1413811167988,-0.095342435,1.5799603,9.970095,null
1413811168139,-0.05448139,1.6480621,9.956474,null
1413811168291,-0.10896278,1.5390993,9.997335,null
1413811168453,-0.095342435,1.6480621,9.956474,null
1413811168607,-0.095342435,1.5390993,9.983715,null
1413811168775,-0.095342435,1.6208214,9.956474,null
1413811168927,-0.10896278,1.5799603,9.997335,null
1413811169079,-0.05448139,1.5390993,10.038197,null
1413811169241,-0.10896278,1.5390993,9.983715,null
1413811169392,-0.06810174,1.6480621,9.929234,null
1413811169547,-0.14982383,1.525479,10.010956,null
1413811169699,-0.095342435,1.7297841,9.915613,null
1413811169853,-0.06810174,1.6344417,9.929234,null
1413811170008,-0.20430522,1.5390993,9.861132,null
1413811170161,-0.08172209,1.6753027,9.983715,null
1413811170314,-0.27240697,1.5799603,10.024576,null
1413811170487,-0.38136974,1.6753027,9.820271,null
1413811170640,-0.24516626,1.879608,10.024576,null
1413811170790,-0.46309182,2.2201166,9.738548,null
1413811170945,-0.32688835,2.152015,9.997335,null
1413811171102,-0.5720546,1.8659877,9.820271,null
1413811171257,-0.21792556,2.152015,9.833891,null
1413811171412,-0.46309182,2.0566726,9.833891,null
1413811171567,-0.8308412,2.0430522,9.942854,null
1413811171722,-0.7354988,2.2473574,9.765789,null
1413811171896,-0.55843425,2.2745981,9.861132,null
1413811172050,-0.5720546,2.152015,9.79303,null
1413811172205,-0.88532263,2.383561,9.820271,null
1413811172362,-0.7491191,2.3426998,9.833891,null
1413811172514,-0.7627395,2.2201166,9.833891,null
1413811172672,-0.6946377,2.2882185,9.833891,null
1413811172838,-0.8036005,2.2201166,9.861132,null
1413811172994,-0.84446156,2.2201166,9.833891,null
1413811173146,-0.667397,2.3290794,9.861132,null
1413811173309,-0.7082581,2.1656353,9.861132,null
1413811173459,-0.81722087,2.152015,9.670447,null
1413811173626,-0.53119355,2.192876,9.738548,null
1413811173794,-0.667397,1.9068487,9.833891,null
1413811173947,-0.42223078,2.0566726,9.901993,null
1413811174101,-0.44947147,1.8387469,9.752169,null
1413811174266,-0.44947147,1.879608,9.929234,null
1413811174422,-0.38136974,1.7978859,9.983715,null
1413811174575,-0.43585113,2.002191,9.956474,null
1413811174732,-0.40861043,1.3484144,10.024576,null
1413811174897,-0.35412905,2.0975335,9.901993,null
1413811175047,-0.35412905,1.7978859,9.915613,null
1413811175203,-0.35412905,1.7297841,9.779409,null
1413811175355,-0.313268,1.8659877,10.024576,null
1413811175522,-0.44947147,1.7978859,9.861132,null
1413811175677,-0.43585113,1.8115063,9.983715,null
1413811175842,-0.50395286,1.9340894,9.888372,null
1413811175992,-0.38136974,2.0566726,9.861132,null
1413811176143,-0.46309182,1.56634,9.901993,null
1413811176296,-0.50395286,1.8387469,9.997335,null
1413811176449,-0.38136974,1.9885708,9.670447,null
1413811176604,-0.25878662,1.7297841,10.092678,null
1413811176771,-0.42223078,1.96133,9.79303,null
1413811176938,-0.3677494,1.8659877,9.929234,null
1413811177097,-0.19068487,1.8387469,9.929234,null
1413811177251,-0.21792556,1.96133,9.861132,null
1413811177404,-0.42223078,1.8932283,9.915613,null
1413811177556,-0.313268,1.7706453,10.024576,null
1413811177719,-0.313268,1.7978859,10.038197,null
1413811177939,-0.313268,1.7978859,9.997335,null
1413811178100,-0.42223078,1.8932283,9.833891,null
1413811178261,-0.3405087,1.9477097,9.901993,null
1413811178428,-0.313268,1.8251266,9.888372,null
1413811178588,-0.3949901,1.8387469,9.915613,null
1413811178758,-0.32688835,1.9068487,9.942854,null
1413811178910,-0.313268,1.8523673,9.929234,null
1413811179063,-0.3949901,1.7978859,9.956474,null
1413811179219,-0.3405087,1.8659877,10.092678,null
1413811179376,-0.38136974,1.8251266,9.929234,null
1413811179529,-0.3677494,1.96133,9.901993,null
1413811179682,-0.35412905,1.6753027,9.929234,null
1413811179833,-0.38136974,1.9340894,9.901993,null
1413811179986,-0.3405087,1.7434045,9.970095,null
1413811180137,-0.29964766,1.96133,9.983715,null
1413811180293,-0.42223078,1.7297841,9.861132,null
1413811180443,-0.3677494,1.7978859,9.901993,null
1413811180596,-0.38136974,1.7434045,9.942854,null
1413811180750,-0.3949901,1.9885708,9.888372,null
1413811180916,-0.313268,1.7297841,9.929234,null
1413811181065,-0.3949901,1.9885708,9.901993,null
1413811181222,-0.3677494,1.7434045,9.929234,null
1413811181372,-0.38136974,1.8523673,9.929234,null
1413811181533,-0.38136974,1.8659877,9.888372,null
1413811181696,-0.3677494,1.8387469,9.929234,null
1413811181857,-0.35412905,1.9340894,9.847511,null
1413811182019,-0.35412905,1.8387469,9.901993,null
1413811182180,-0.27240697,1.8523673,9.861132,null
1413811182350,-0.47671217,1.8115063,9.956474,null
1413811182507,-0.35412905,1.8251266,9.929234,null
1413811182661,-0.44947147,1.879608,9.956474,null
1413811182811,-0.29964766,1.7025435,9.997335,null
1413811182966,-0.50395286,1.9885708,9.997335,null
1413811183126,-0.24516626,1.8387469,9.929234,null
1413811183280,-0.54481393,1.7570249,10.010956,null
1413811183435,-0.313268,1.9340894,9.942854,null
1413811183593,-0.3677494,1.6753027,9.901993,null
1413811183744,-0.29964766,1.7706453,9.942854,null
1413811183896,-0.3949901,1.7025435,9.983715,null
1413811184049,-0.42223078,1.7978859,9.929234,null
1413811184208,-0.29964766,1.8523673,9.874752,null
1413811184362,-0.313268,1.8387469,9.956474,null
1413811184519,-0.3949901,1.9340894,9.847511,null
1413811184682,-0.2860273,1.7978859,9.888372,null
1413811184842,-0.313268,1.8659877,9.888372,null
1413811185005,-0.3405087,1.8251266,9.874752,null
1413811185167,-0.23154591,1.8932283,9.956474,null
1413811185338,-0.38136974,1.8115063,9.901993,null
1413811185488,-0.35412905,1.96133,9.874752,null
1413811185644,-0.38136974,1.8251266,9.942854,null
1413811185810,-0.35412905,1.9068487,9.901993,null
1413811185963,-0.35412905,1.8523673,9.929234,null
1413811186114,-0.42223078,1.7842655,9.997335,null
1413811186279,-0.313268,1.8932283,9.874752,null
1413811186432,-0.38136974,1.8251266,9.929234,null
1413811186586,-0.38136974,1.8932283,9.915613,null
1413811186744,-0.3677494,1.8115063,9.956474,null
1413811186908,-0.38136974,1.7978859,9.942854,null
1413811187077,-0.3405087,1.8387469,9.929234,null
1413811187233,-0.35412905,1.7842655,9.929234,null
1413811187383,-0.40861043,1.8932283,9.874752,null
1413811187536,-0.40861043,1.8251266,9.915613,null
1413811187691,-0.313268,1.8251266,9.929234,null
1413811187860,-0.40861043,1.7978859,9.929234,null
1413811188013,-0.43585113,1.8387469,9.929234,null
1413811188184,-0.44947147,1.8932283,9.929234,null
1413811188337,-0.3405087,1.7978859,9.983715,null
1413811188491,-0.2860273,1.7706453,9.942854,null
1413811188647,-0.25878662,1.8659877,9.833891,null
1413811188811,-0.3949901,1.7842655,9.915613,null
1413811188975,-0.3949901,1.7978859,9.901993,null
1413811189128,-0.3677494,1.7161638,9.970095,null
1413811189283,-0.313268,1.7297841,9.970095,null
1413811189440,-0.29964766,1.8523673,9.901993,null
1413811189607,-0.40861043,1.8387469,9.915613,null
1413811189773,-0.32688835,1.7978859,9.956474,null
1413811189936,-0.42223078,1.8932283,9.915613,null
1413811190090,-0.32688835,1.7297841,9.901993,null
1413811190246,-0.3677494,1.8523673,9.970095,null
1413811190398,-0.40861043,1.7706453,9.942854,null
1413811190552,-0.3677494,1.7706453,9.901993,null
1413811190703,-0.35412905,1.8387469,9.956474,null
1413811190858,-0.3949901,1.7978859,9.901993,null
1413811191030,-0.40861043,1.8659877,9.874752,null
1413811191182,-0.35412905,1.7978859,9.915613,null
1413811191334,-0.3949901,1.607201,9.997335,null
1413811191490,-0.35412905,1.525479,10.024576,null
1413811191647,-0.2860273,1.7297841,9.997335,null
1413811191796,-0.42223078,1.8932283,9.765789,null
1413811191951,-0.32688835,1.7025435,9.929234,null
1413811192104,-0.3677494,1.7025435,9.929234,null
1413811192257,-0.40861043,1.9749504,9.901993,null
1413811192412,-0.24516626,1.6344417,9.956474,null
1413811192565,-0.313268,1.7570249,9.901993,null
1413811192721,-0.35412905,1.6344417,9.915613,null
1413811192890,-0.3677494,1.7297841,9.901993,null
1413811193053,-0.25878662,1.7842655,9.901993,null
1413811193223,-0.44947147,1.7706453,9.861132,null
1413811193379,-0.313268,1.7978859,9.970095,null
1413811193536,-0.40861043,1.9068487,9.888372,null
1413811193694,-0.35412905,1.6344417,9.956474,null
1413811193860,-0.3405087,1.920469,9.956474,null
1413811194014,-0.44947147,1.7842655,9.929234,null
1413811194166,-0.40861043,1.8659877,9.929234,null
1413811194333,-0.42223078,1.7434045,9.929234,null
1413811194484,-0.42223078,1.7978859,9.956474,null
1413811194637,-0.35412905,1.7978859,9.901993,null
1413811194818,-0.42223078,1.7978859,9.956474,null
1413811194981,-0.3949901,1.8251266,9.874752,null
1413811195133,-0.29964766,1.6753027,9.997335,null
1413811195285,-0.3405087,1.879608,9.861132,null
1413811195441,-0.38136974,1.7706453,9.997335,null
1413811195594,-0.35412905,1.7297841,9.983715,null
1413811195764,-0.3949901,1.8387469,9.861132,null
1413811195931,-0.42223078,1.7570249,9.956474,null
1413811196084,-0.313268,1.7297841,9.983715,null
1413811196236,-0.35412905,1.7025435,9.997335,null
1413811196388,-0.38136974,1.7434045,9.929234,null
1413811196553,-0.38136974,1.8387469,9.929234,null
1413811196714,-0.313268,1.7570249,9.929234,null
1413811196876,-0.42223078,1.7706453,9.915613,null
1413811197079,-0.38136974,1.7978859,9.929234,null
1413811205130,-0.19068487,0.8580819,4.971427,null
1413811205333,-0.313268,1.607201,8.7034025,null
1413811205533,-0.35412905,1.7434045,9.629586,null
1413811205732,-0.38136974,1.7706453,9.847511,null
1413811205933,-0.38136974,1.7706453,9.929234,null
1413811206136,-0.2860273,1.7978859,9.929234,null
1413811206339,-0.35412905,1.7570249,9.901993,null
1413811206542,-0.38136974,1.7978859,9.929234,null
1413811206746,-0.3677494,1.7706453,9.956474,null
1413811206948,-0.40861043,1.8387469,9.956474,null
1413811207152,-0.38136974,1.7978859,9.942854,null
1413811207356,-0.35412905,1.7978859,9.970095,null
1413811207559,-0.313268,1.7434045,9.956474,null
1413811207761,-0.3677494,1.7434045,9.942854,null
1413811207964,-0.43585113,1.7706453,9.983715,null
1413811208164,-0.40861043,1.7570249,9.956474,null
1413811208369,-0.40861043,1.7706453,9.956474,null
1413811208571,-0.42223078,1.7434045,9.942854,null
1413811208771,-0.38136974,1.7978859,9.929234,null
1413811208971,-0.38136974,1.7978859,9.901993,null
1413811209170,-0.35412905,1.7706453,9.970095,null
1413811209370,-0.38136974,1.7706453,9.929234,null
1413811209570,-0.313268,1.8251266,9.915613,null
1413811209770,-0.3949901,1.7978859,9.956474,null
1413811209970,-0.40861043,1.7570249,9.915613,null
1413811210177,-0.40861043,1.7434045,9.929234,null
1413811210377,-0.40861043,1.7706453,9.956474,null
1413811210577,-0.40861043,1.7434045,9.901993,null
1413811210777,-0.3949901,1.7297841,9.901993,null
1413811210978,-0.35412905,1.7434045,9.970095,null
1413811227135,-0.14982383,0.8308412,5.012288,null
1413811227304,-0.2860273,1.5118586,8.7034025,null
1413811227504,-0.313268,1.6616824,9.656827,null
1413811227705,-0.35412905,1.7161638,9.847511,null
1413811227905,-0.3405087,1.7706453,9.929234,null
1413811228105,-0.313268,1.7434045,9.942854,null
1413811228305,-0.25878662,1.7025435,9.915613,null
1413811228505,-0.2860273,1.7025435,9.901993,null
1413811242139,-0.16344418,0.8580819,4.9578066,null
1413811242332,-0.2860273,1.5118586,8.730643,null
1413811242530,-0.38136974,1.7570249,9.956474,null
1413811242691,-0.35412905,1.7434045,9.929234,null
1413811242845,-0.3405087,1.7297841,9.901993,null
1413811243014,-0.3677494,1.7570249,9.956474,null
1413811243171,-0.38136974,1.6889231,10.024576,null
1413811243329,-0.35412905,1.7570249,9.901993,null
1413811243480,-0.3949901,1.7025435,9.929234,null
1413811243650,-0.35412905,1.7025435,9.997335,null
1413811243802,-0.35412905,1.7706453,9.901993,null
1413811243953,-0.40861043,1.7570249,9.942854,null
1413811244127,-0.29964766,1.7025435,9.997335,null
1413811244279,-0.313268,1.7161638,9.956474,null
1413811244430,-0.38136974,1.7161638,9.997335,null
1413811244592,-0.35412905,1.6480621,9.929234,null
1413811244760,-0.32688835,1.7297841,9.970095,null
1413811244911,-0.3677494,1.6889231,9.942854,null
1413811245065,-0.38136974,1.7297841,9.970095,null
1413811245234,-0.3405087,1.7025435,9.997335,null
1413811245387,-0.35412905,1.6753027,9.929234,null
1413811245543,-0.38136974,1.7570249,9.956474,null
1413811245699,-0.35412905,1.7297841,9.956474,null
1413811245857,-0.3677494,1.7297841,9.956474,null
1413811246161,-0.38136974,1.7570249,9.956474,null
1413811265185,-0.6401563,0.61291564,4.903325,null
1413811265384,-0.7354988,1.4709976,8.512717,null
1413811265587,-0.9942854,1.4437568,9.343558,null
1413811265787,-1.2122109,1.7570249,9.697687,null
1413811265987,-1.1168685,1.6889231,9.861132,null
1413811266189,-1.1032481,1.8387469,9.711308,null
1413811266392,-1.253072,1.8115063,9.656827,null
1413811266595,-1.2803127,1.9340894,9.833891,null
1413811266798,-1.3211738,1.6480621,9.997335,null
1413811266998,-1.1985906,1.6208214,9.997335,null
1413811267199,-0.9942854,1.525479,9.942854,null
1413811267399,-1.0760075,1.1168685,9.888372,null
1413811267599,-1.0760075,1.3484144,9.956474,null
1413811267800,-1.1304889,1.253072,9.970095,null
1413811268000,-1.0623871,1.4437568,9.983715,null
1413811268201,-1.1577295,1.0760075,10.024576,null
1413811268401,-1.1032481,1.5390993,9.997335,null
1413811268604,-1.1577295,1.1849703,9.983715,null
1413811268808,-1.0623871,1.293933,9.901993,null
1413811269010,-1.0079057,1.3620348,9.833891,null
1413811269213,-1.0896279,1.3211738,9.929234,null
1413811269413,-1.1168685,1.3211738,10.038197,null
1413811269617,-1.1168685,1.2394516,10.065437,null
1413811269819,-1.0351465,1.2394516,9.970095,null
1413811270022,-1.1441092,1.3075534,9.983715,null
1413811270225,-1.1441092,1.3075534,10.079058,null
1413811270425,-1.0760075,1.1985906,10.065437,null
1413811270629,-1.1577295,1.253072,10.038197,null
1413811270828,-1.1849703,1.253072,10.119919,null
1413811271028,-1.1441092,1.293933,9.997335,null
1413811271228,-1.1441092,1.2803127,10.010956,null
1413811317140,-0.43585113,0.51757324,5.0259085,null
1413811317343,-0.7082581,0.9942854,8.798744,null
1413811324162,-0.84446156,1.0487667,9.697687,null
1413811324365,-0.7082581,1.2803127,8.717023,null
1413811324567,-0.89894295,1.2122109,9.520623,null
1413811324765,-1.0487667,1.4165162,9.901993,null
1413811324965,-1.0623871,1.4165162,9.970095,null
1413811325126,-0.87170225,1.5390993,9.929234,null
1413811325287,-1.2258313,1.4165162,10.051817,null
1413811325458,-0.95342433,1.3620348,9.956474,null
1413811325614,-1.1985906,1.4437568,10.119919,null
1413811325778,-1.0623871,1.4982382,10.065437,null
1413811325943,-1.0896279,1.5527196,9.833891,null
1413811326096,-1.0215261,1.5527196,10.038197,null
1413811326259,-1.2394516,1.7025435,9.874752,null
1413811326430,-1.1304889,1.3211738,9.915613,null
1413811326583,-1.0760075,1.4709976,10.024576,null
1413811326755,-0.9670447,1.5935807,9.833891,null
1413811326909,-1.1577295,1.6344417,10.106298,null
1413811327059,-1.0215261,1.4028958,10.119919,null
1413811327225,-1.0623871,1.1849703,9.983715,null
1413811327388,-0.9942854,1.2394516,10.065437,null
1413811327550,-1.0623871,1.2666923,9.983715,null
1413811327724,-0.9125633,1.2258313,10.119919,null
1413811327876,-1.0215261,1.2803127,10.038197,null
1413811328032,-0.9670447,1.2803127,10.024576,null
1413811328189,-0.9942854,1.2666923,9.997335,null
1413811328343,-0.9942854,1.2394516,10.038197,null
1413811328632,-0.939804,1.3484144,10.038197,null
1413811328832,-0.9670447,1.1032481,10.024576,null
1413811329037,-0.88532263,1.4573772,9.983715,null
1413811329237,-0.939804,1.2394516,10.051817,null
1413811329440,-0.92618364,1.4301366,9.888372,null
1413811329640,-0.980665,1.2258313,10.024576,null
1413811329840,-0.980665,1.3484144,9.929234,null
1413811330044,-0.9670447,1.3484144,9.942854,null
1413811330248,-0.8308412,1.334794,9.915613,null
1413811330447,-1.0215261,1.1577295,10.119919,null
1413811330647,-0.980665,1.3484144,9.942854,null
1413811330850,-1.1713499,1.3484144,10.133538,null
1413811331054,-1.0215261,1.3756552,10.283362,null
1413811331256,-1.0487667,1.3756552,10.079058,null
1413811331459,-0.9670447,1.3756552,10.010956,null
1413811331663,-0.8580819,1.2666923,9.915613,null
1413811331865,-0.8308412,1.2803127,10.160779,null
1413811332068,-0.939804,1.3075534,9.997335,null
1413811386187,-0.44947147,0.5720546,4.9986677,null
1413811386379,-0.7354988,1.0215261,8.785124,null
1413811386581,-0.84446156,1.0623871,9.697687,null
1413811386777,-0.89894295,1.1032481,9.901993,null
1413811386977,-0.89894295,1.1304889,9.983715,null
1413811387179,-0.8308412,1.1032481,9.970095,null
1413811387381,-0.8580819,1.0896279,10.024576,null
1413811387584,-0.89894295,1.1168685,9.956474,null
1413811387785,-0.87170225,1.0896279,10.051817,null
1413811387988,-0.8580819,1.0896279,10.024576,null
1413811388188,-0.8580819,1.1577295,10.010956,null
1413811388391,-0.8308412,1.1168685,9.997335,null
1413811388594,-0.8580819,1.1304889,10.024576,null
1413811388794,-0.8308412,1.0623871,9.997335,null
1413811388999,-0.88532263,1.1032481,9.983715,null
1413811389197,-0.9125633,1.1304889,9.983715,null
1413811389400,-0.89894295,1.0351465,10.038197,null
1413811389601,-0.8580819,1.1032481,10.010956,null
1413811389804,-0.8580819,1.0351465,10.024576,null
1413811390008,-0.84446156,1.1441092,10.051817,null
1413811390210,-0.89894295,1.1032481,10.024576,null
1413811390413,-0.88532263,1.1713499,10.065437,null
1413811390613,-0.8580819,1.1032481,10.024576,null
1413811390817,-0.84446156,1.1304889,9.983715,null
1413811391020,-0.9125633,1.1032481,10.024576,null
1413811391238,-0.87170225,1.1304889,10.010956,null
1413811391439,-0.8580819,1.1168685,10.038197,null
1413811391639,-0.8580819,1.1032481,10.038197,null
1413811391840,-0.8580819,1.0896279,10.038197,null
1413811392043,-0.8580819,1.0896279,10.038197,null
1413811402170,0.29964766,0.8580819,4.903325,null
1413811402424,0.980665,1.6616824,8.962189,null
1413811402565,0.9670447,2.0294318,9.289077,null
1413811402764,0.7627395,1.8932283,9.779409,null
1413811402917,0.6810174,1.5799603,10.051817,null
1413811403077,-0.16344418,0.32688835,12.762266,null
1413811403238,0.54481393,1.6889231,10.024576,null
1413811403401,-1.0623871,2.3971813,8.825985,null
1413811403564,-0.24516626,1.8659877,9.39804,null
1413811403747,-1.0215261,2.6559677,10.079058,null
1413811403890,0.08172209,2.083913,9.39804,null
1413811404051,0.08172209,1.607201,10.024576,null
1413811404214,-0.46309182,2.0975335,9.997335,null
1413811404376,-0.50395286,0.7082581,10.61025,null
1413811404537,0.095342435,1.3756552,9.861132,null
1413811404698,-1.253072,2.587866,9.80665,null
1413811404875,-0.38136974,1.5390993,10.147159,null
1413811405042,0.3949901,0.81722087,10.637491,null
1413811405223,0.7354988,1.6753027,9.752169,null
1413811405358,0.92618364,2.465283,9.643207,null
1413811405520,1.7706453,2.6287272,8.880466,null
1413811405682,1.0351465,2.4380422,9.697687,null
1413811405843,0.95342433,2.6968288,9.193735,null
1413811406006,0.05448139,2.7649305,9.861132,null
1413811406168,-0.040861044,2.7649305,9.615966,null
1413811406332,0.20430522,2.6014864,9.861132,null
1413811406489,0.47671217,2.4789033,9.79303,null
1413811406657,0.42223078,2.3563201,9.861132,null
1413811406810,0.313268,2.383561,9.833891,null
1413811406980,0.3949901,2.3426998,9.833891,null
1413811407133,0.42223078,2.3426998,9.861132,null
1413811407299,0.3677494,2.3426998,9.929234,null
1413811407454,0.44947147,2.2473574,9.861132,null
1413811407605,0.313268,2.315459,9.861132,null
1413811407776,0.40861043,2.315459,9.888372,null
1413811407931,0.3677494,2.315459,9.847511,null
1413811408091,0.40861043,2.2882185,9.956474,null